152335928876914, -0.47671217, 3.0781987, 8.60806, 0
152335929182414, -0.54481393, 3.091819, 8.3765135, 0
152335929359789, -0.4903325, 3.173541, 8.240311, 0
152335929525330, -0.35412905, 3.3097446, 8.349273, 0
152335929801289, -0.38136974, 3.3778462, 8.512717, 0
152335929975622, -0.40861043, 3.336985, 8.553578, 0
152335930193205, -0.40861043, 3.255263, 8.349273, 0
152335930405622, -0.4903325, 3.2416427, 8.253931, 0
152335930565997, -0.54481393, 3.1871614, 8.349273, 0
152335930721330, -0.5720546, 3.255263, 8.444615, 0
152335933376539, -0.44947147, 3.255263, 8.512717, 0
152335943493205, -0.35412905, 3.3233647, 8.580819, 0
152335955249330, -0.24516626, 3.2688835, 8.553578, 0
152335963626872, -0.38136974, 3.2825038, 8.553578, 0
152335973757414, -0.44947147, 3.255263, 8.4854765, 0
152335984080747, -0.4903325, 3.2825038, 8.3765135, 0
152335994327622, -0.38136974, 3.2688835, 8.362893, 0
152336004364372, -0.25878662, 3.3506055, 8.322033, 0
152336014443247, -0.20430522, 3.3914666, 8.21307, 0
152336024547872, -0.12258313, 3.4731886, 8.22669, 0
152336034644622, -0.08172209, 3.4187074, 8.417375, 0
152336044768414, -0.40861043, 3.2688835, 8.717023, 0
152336054865747, -0.40861043, 3.1190596, 8.866846, 0
152336064987455, -0.40861043, 3.1599207, 8.825985, 0
152336076177455, -0.3405087, 3.1463003, 8.7034025, 0
152336086168747, -0.25878662, 3.255263, 8.553578, 0
152336096432830, -0.23154591, 3.2825038, 8.471856, 0
152336124067039, -0.23154591, 3.336985, 8.349273, 0
152336128448580, -0.12258313, 3.3778462, 8.322033, 0
152336129251372, -0.12258313, 3.3778462, 8.281172, 0
152336137632247, -0.12258313, 3.4595683, 8.308413, 0
152336147724622, -0.12258313, 3.3778462, 8.3765135, 0
152336158036205, -0.16344418, 3.3642259, 8.322033, 0
152336168420205, -0.10896278, 3.4187074, 8.444615, 0
152336178451372, -0.12258313, 3.3914666, 8.512717, 0
152336188685872, -0.12258313, 3.2416427, 8.458236, 0
152336198891122, -0.19068487, 3.336985, 8.430995, 0
152336209079205, -0.12258313, 3.3506055, 8.3765135, 0
152336219264955, -0.10896278, 3.3506055, 8.349273, 0
152336231636372, -0.12258313, 3.4323275, 8.3765135, 0
152336239775372, -0.040861044, 3.4323275, 8.3765135, 0
152336249876914, -0.040861044, 3.486809, 8.349273, 0
152336260225289, -0.027240695, 3.4595683, 8.335652, 0
152336270423830, -0.027240695, 3.3778462, 8.349273, 0
152336280640372, -0.16344418, 3.3778462, 8.281172, 0
152336290787789, -0.19068487, 3.3097446, 8.308413, 0
152336301008247, -0.25878662, 3.2961242, 8.335652, 0
152336311202830, -0.19068487, 3.2961242, 8.444615, 0
152336321402789, -0.040861044, 3.3097446, 8.539958, 0
152336331355622, -0.095342435, 3.3778462, 8.580819, 0
152336341850205, -0.06810174, 3.3642259, 8.5944395, 0
152336352098997, -0.05448139, 3.405087, 8.553578, 0
152336362310122, -0.05448139, 3.3642259, 8.512717, 0
152336372568039, -0.05448139, 3.3642259, 8.322033, 0
152336382771372, -0.16344418, 3.3642259, 8.158588, 0
152336392996747, -0.2860273, 3.3778462, 8.19945, 0
152336403179872, -0.313268, 3.4187074, 8.19945, 0
152336413383747, -0.25878662, 3.3642259, 8.294792, 0
152336423786997, -0.14982383, 3.3778462, 8.349273, 0
152336435804830, -0.14982383, 3.3506055, 8.512717, 0
152336444033289, -0.08172209, 3.3097446, 8.798744, 0
152336454257747, -0.14982383, 3.2825038, 8.798744, 0
152336464457622, -0.05448139, 3.3097446, 8.717023, 0
152336474697122, -0.19068487, 3.336985, 8.567199, 0
152336484801414, -0.24516626, 3.3097446, 8.322033, 0
152336495155497, -0.23154591, 3.3097446, 8.253931, 0
152336505304830, -0.313268, 3.2961242, 8.267551, 0
152336515571497, -0.21792556, 3.336985, 8.403754, 0
152336525729705, -0.12258313, 3.3778462, 8.444615, 0
152336535853789, -0.05448139, 3.3778462, 8.512717, 0
152336546169580, 0.05448139, 3.4187074, 8.4854765, 0
152336556418080, 0.027240695, 3.4595683, 8.539958, 0
152336566583372, 0.027240695, 3.3914666, 8.526338, 0
152336576809247, -0.027240695, 3.3506055, 8.444615, 0
152336587227414, -0.17706452, 3.2825038, 8.390134, 0
152336597620705, -0.19068487, 3.2825038, 8.253931, 0
152336607727705, -0.12258313, 3.3506055, 8.22669, 0
152336631777539, -0.10896278, 3.3642259, 8.21307, 0
152336639617872, 0.027240695, 3.445948, 8.117727, 0
152336643780747, 0.040861044, 3.4595683, 8.158588, 0
152336649483789, -0.013620348, 3.4323275, 8.281172, 0
152336659194622, -0.05448139, 3.3506055, 8.4854765, 0
152336669358539, -0.10896278, 3.2688835, 8.62168, 0
152336679211205, -0.12258313, 3.2280223, 8.635301, 0
152336689799539, -0.10896278, 3.2280223, 8.539958, 0
152336700117747, -0.05448139, 3.2961242, 8.281172, 0
152336710295789, -0.013620348, 3.336985, 8.19945, 0
152336720497664, 0.027240695, 3.3506055, 8.22669, 0
152336730683039, 0.027240695, 3.2825038, 8.267551, 0
152336740854622, -0.05448139, 3.2825038, 8.322033, 0
152336751057955, 0.027240695, 3.336985, 8.417375, 0
152336760813539, 0.05448139, 3.3506055, 8.526338, 0
152336771821705, 0.08172209, 3.3233647, 8.7034025, 0
152336781768872, 0.095342435, 3.2825038, 8.689782, 0
152336791969622, 0.027240695, 3.2825038, 8.60806, 0
152336802151080, 0.027240695, 3.2416427, 8.567199, 0
152336830167080, -0.040861044, 3.255263, 8.553578, 0
152336832481205, -0.13620348, 3.3097446, 8.499097, 0
152336836349955, -0.095342435, 3.2825038, 8.526338, 0
152336846637914, -0.05448139, 3.2825038, 8.526338, 0
152336856863539, -0.040861044, 3.2961242, 8.512717, 0
152336872057580, -0.040861044, 3.3506055, 8.567199, 0
152336881360455, -0.06810174, 3.3097446, 8.499097, 0
152336891157289, -0.08172209, 3.3097446, 8.444615, 0
152336901331997, -0.06810174, 3.3233647, 8.417375, 0
152336911276956, -0.13620348, 3.3097446, 8.417375, 0
152336921786999, -0.095342435, 3.2961242, 8.3765135, 0
152336933852749, -0.013620348, 3.3642259, 8.526338, 0
152336942524707, -0.12258313, 3.2961242, 8.60806, 0
152336952697749, -0.05448139, 3.2688835, 8.553578, 0
152336962875540, -0.12258313, 3.3506055, 8.390134, 0
152336973092124, -0.12258313, 3.4187074, 8.253931, 0
152336983287081, 0.027240695, 3.4731886, 8.172209, 0
152336993726998, 0.027240695, 3.4187074, 8.253931, 0
152337004177039, -0.08172209, 3.3097446, 8.335652, 0
152337015800623, -0.17706452, 3.3642259, 8.308413, 0
152337024452331, -0.14982383, 3.4187074, 8.335652, 0
152337034623706, -0.17706452, 3.3642259, 8.253931, 0
152337044803581, -0.095342435, 3.3778462, 8.308413, 0
152337055437123, -0.05448139, 3.4187074, 8.349273, 0
152337065513665, 0.027240695, 3.405087, 8.3765135, 0
152337076061331, 0.027240695, 3.4187074, 8.417375, 0
152337086052498, -0.06810174, 3.3506055, 8.512717, 0
152337098423331, -0.14982383, 3.336985, 8.580819, 0
152337106708790, -0.13620348, 3.3233647, 8.5944395, 0
152337135374790, -0.14982383, 3.3506055, 8.553578, 0
152337137250373, -0.14982383, 3.336985, 8.499097, 0
152337138279831, -0.13620348, 3.3506055, 8.512717, 0
152337152646831, -0.13620348, 3.3642259, 8.3765135, 0
152337157913748, -0.16344418, 3.4187074, 8.322033, 0
152337168056873, -0.12258313, 3.4187074, 8.362893, 0
152337178424748, -0.06810174, 3.445948, 8.539958, 0
152337188370373, -0.12258313, 3.3506055, 8.635301, 0
152337198564373, -0.095342435, 3.3914666, 8.580819, 0
152337208832415, -0.14982383, 3.3914666, 8.499097, 0
152337219039415, -0.17706452, 3.336985, 8.349273, 0
152337248688165, -0.19068487, 3.445948, 8.267551, 0
152337249366040, -0.20430522, 3.445948, 8.294792, 0
152337254065165, -0.21792556, 3.486809, 8.21307, 0
152337263664665, -0.14982383, 3.4731886, 8.281172, 0
152337274399123, -0.05448139, 3.568531, 8.185829, 0
152337284055665, -0.05448139, 3.5549107, 8.21307, 0
152337294475081, 0.040861044, 3.3778462, 8.253931, 0
152337304908665, 0.095342435, 3.5140498, 8.322033, 0
152337319313206, 0.05448139, 3.5140498, 8.22669, 0
152337330088915, 0.05448139, 3.4731886, 8.076866, 0
152337338186248, 0.05448139, 3.5549107, 7.8317, 0
152337354879831, -0.013620348, 3.7728362, 7.7363577, 0
152337371706581, 0.095342435, 3.7047346, 7.681876, 0
152337373455915, -0.013620348, 3.7319753, 7.763598, 0
152337383735123, -0.013620348, 3.7319753, 7.8998017, 0
152337393261790, 0.027240695, 3.636633, 8.117727, 0
152337403350123, 0.13620348, 3.6502533, 8.131348, 0
152337413456998, 0.10896278, 3.6230125, 8.21307, 0
152337423564748, 0.095342435, 3.6774938, 8.253931, 0
152337434248623, 0.21792556, 3.5549107, 8.117727, 0
152337445296623, 0.16344418, 3.6911142, 7.913422, 0
152337454525248, 0.16344418, 3.7728362, 7.572913, 0
152337464682665, -0.095342435, 3.7864566, 7.3413672, 0
152337474752248, -0.10896278, 3.718355, 7.273266, 0
152337484882540, -0.027240695, 3.636633, 7.286886, 0
152337495200456, 0.21792556, 3.840938, 7.668256, 0
152337512539706, 0.24516626, 3.8273177, 8.131348, 1
152337516534456, 0.040861044, 3.568531, 8.676162, 1
152337526990706, -0.17706452, 3.4731886, 8.825985, 1
152337539043415, -0.20430522, 3.5004294, 8.730643, 1
152337547721165, -0.095342435, 3.6638734, 8.553578, 1
152337557498915, -0.095342435, 3.4595683, 8.676162, 1
152337567630040, -0.19068487, 3.4731886, 8.580819, 1
152337578017748, -0.3405087, 3.7319753, 8.349273, 1
152337588205831, -0.54481393, 4.0861044, 7.8998017, 1
152337598300873, -0.7627395, 4.372132, 7.4639506, 1
152337608474581, -1.0079057, 4.6445384, 7.1915436, 1
152337618574040, -1.0896279, 4.658159, 7.2187843, 1
152337629400915, -0.95342433, 4.6036777, 7.7227373, 1
152337639498831, -0.50395286, 4.4810944, 8.567199, 1
152337649581415, -0.32688835, 4.276789, 9.289077, 1
152337660176873, -0.51757324, 3.990762, 9.79303, 1
152337669826706, -0.7354988, 3.8273177, 9.820271, 1
152337679927373, -0.88532263, 3.8136973, 9.438901, 1
152337690991706, -1.0487667, 3.840938, 8.662541, 1
152337702681790, -1.1849703, 3.8954194, 7.995144, 1
152337712601206, -1.3211738, 3.9771416, 7.600154, 1
152337723112956, -1.2666923, 4.0588636, 7.5456724, 1
152337733009290, -1.0215261, 4.140586, 7.8589406, 1
152337744336581, -0.939804, 3.9771416, 8.104107, 1
152337753337748, -0.7491191, 3.7319753, 8.335652, 1
152337762972415, -0.7354988, 3.6502533, 8.3765135, 1
152337773661331, -0.81722087, 3.5276701, 8.117727, 1
152337783922706, -0.939804, 3.568531, 7.8589406, 1
152337794425081, -0.9942854, 3.5549107, 7.477571, 1
152337804719331, -1.0487667, 3.636633, 7.0553403, 1
152337814737956, -0.9670447, 3.759216, 6.6467295, 1
152337828704665, -0.7354988, 3.9362805, 6.4151835, 1
152337838709790, -0.6537767, 4.031623, 6.496906, 1
152337848579040, -0.54481393, 3.9499009, 6.9463773, 1
152337859268081, -0.6537767, 3.7864566, 7.3005066, 1
152337869091331, -0.8308412, 3.6774938, 7.572913, 1
152337879459998, -0.9125633, 3.6911142, 7.6954966, 1
152337889363956, -0.9942854, 3.7455957, 7.681876, 1
152337900208040, -1.0351465, 3.8954194, 7.681876, 1
152337910696748, -1.0215261, 3.8681788, 7.8317, 1
152337921230623, -0.92618364, 3.92266, 7.981524, 1
152337931427165, -0.7082581, 3.9635212, 8.322033, 1
152337942900415, -0.40861043, 4.0180025, 8.676162, 1
152337951812165, -0.25878662, 3.8545585, 8.962189, 1
152337962063290, -0.06810174, 3.6638734, 9.343558, 1
152337972218290, -0.095342435, 3.486809, 9.670447, 1
152337982476456, -0.14982383, 3.3506055, 9.79303, 1
152337992962081, -0.3405087, 3.3097446, 9.80665, 1
152338002382623, -0.40861043, 3.2416427, 9.670447, 1
152338013041581, -0.38136974, 3.1871614, 9.507003, 1
152338023240040, -0.27240697, 3.1054392, 9.479762, 1
152338033517915, -0.08172209, 2.9964764, 9.670447, 1
152338043686165, 0.013620348, 3.0645783, 10.065437, 1
152338053899373, 0.095342435, 3.1599207, 10.365085, 1
152338064108790, 0.17706452, 3.1599207, 10.474048, 1
152338074320123, 0.3949901, 3.091819, 10.296983, 1
152338084685373, 0.8036005, 2.901134, 10.296983, 1
152338095154831, 1.1713499, 2.7104492, 10.283362, 1
152338106800248, 1.3484144, 2.6287272, 10.419566, 1
152338129093165, 1.4709976, 2.3426998, 10.705593, 1
152338132388415, 1.484618, 1.9477097, 11.277648, 1
152338135893665, 1.4709976, 1.4028958, 12.013146, 1
152338146063290, 1.2803127, 0.9942854, 12.4489975, 1
152338156242206, 1.1032481, 0.7491191, 12.53072, 1
152338166467915, 0.939804, 0.6810174, 12.244693, 1
152338176595998, 0.84446156, 0.7354988, 11.413852, 1
152338187006081, 0.7899802, 0.9942854, 10.378705, 1
152338197157706, 0.92618364, 1.2122109, 9.452521, 1
152338207391165, 1.0487667, 1.4165162, 9.112013, 1
152338217629748, 1.0215261, 1.6753027, 9.071152, 1
152338227816415, 1.1168685, 1.5390993, 9.057531, 1
152338238027998, 1.1577295, 1.484618, 9.193735, 1
152338248235123, 1.2394516, 1.484618, 9.329938, 1
152338258614998, 1.3620348, 1.4437568, 9.384419, 1
152338269038206, 1.4437568, 1.4301366, 9.39804, 1
152338279025040, 1.6889231, 1.4709976, 9.261836, 1
152338289272081, 1.7978859, 1.5799603, 9.166494, 1
152338299441331, 1.9477097, 1.607201, 9.057531, 1
152338309676748, 1.9340894, 1.6753027, 8.921328, 1
152338319889123, 1.6889231, 1.6344417, 8.676162, 1
152338330155998, 1.5935807, 1.607201, 8.158588, 1
152338340362581, 1.3211738, 1.5118586, 7.7227373, 1
152338350510873, 1.0351465, 1.4573772, 7.4911914, 1
152338360778831, 0.81722087, 1.5390993, 7.0553403, 1
152338371152498, 0.7354988, 1.5935807, 6.7965536, 1
152338381207998, 0.61291564, 1.7434045, 6.537767, 1
152338391406581, 0.51757324, 1.879608, 6.306221, 1
152338401649081, 0.50395286, 1.9885708, 5.9248514, 1
152338411804040, 0.46309182, 2.1111538, 5.638824, 1
152338422023206, 0.40861043, 2.233737, 5.5026207, 1
152338431933915, 0.38136974, 2.383561, 5.4617596, 1
152338442687665, 0.38136974, 2.506144, 5.366417, 1
152338452664706, 0.32688835, 2.6423476, 5.3800373, 1
152338462893415, 0.35412905, 2.7104492, 5.5571017, 1
152338473101706, 0.25878662, 2.73769, 5.7341666, 1
152338483340456, 0.32688835, 2.8057916, 5.8976107, 1
152338493539206, 0.313268, 2.8738933, 6.0882955, 1
152338503746915, 0.27240697, 2.9283748, 6.347082, 1
152338513924665, 0.29964766, 3.0237172, 6.578628, 1
152338524498665, 0.25878662, 3.091819, 6.8782754, 1
152338534425748, 0.21792556, 3.0373375, 7.1506824, 1
152338544616498, 0.21792556, 3.0373375, 7.477571, 1
152338554805165, 0.20430522, 3.091819, 7.913422, 1
152338565100790, 0.13620348, 3.1190596, 8.349273, 1
152338575309623, 0.05448139, 3.2007818, 8.798744, 1
152338585710623, -0.095342435, 3.2280223, 9.248216, 1
152338596112623, -0.19068487, 3.2416427, 9.547864, 1
152338605841040, -0.47671217, 3.2825038, 9.80665, 1
152338616647498, -0.54481393, 3.3778462, 10.20164, 1
152338639515956, -0.6810174, 3.3506055, 10.58301, 1
152338641025456, -0.7082581, 3.3506055, 10.732834, 1
152338648235206, -0.53119355, 3.3097446, 10.8281765, 1
152338659095623, -0.2860273, 3.3778462, 11.127824, 1
152338668828956, -0.2860273, 3.5412905, 11.413852, 1
152338678985248, -0.23154591, 3.6774938, 11.468333, 1
152338689165165, -0.095342435, 3.5140498, 11.509193, 1
152338699139665, -0.013620348, 3.214402, 11.767981, 1
152338709634873, 0.040861044, 2.9556155, 12.094869, 1
152338719898623, 0.19068487, 2.5742457, 12.5579605, 1
152338730295540, 0.19068487, 2.0566726, 12.9529505, 1
152338740373498, 0.313268, 1.5527196, 13.157256, 1
152338750633206, 0.35412905, 1.2258313, 13.157256, 1
152338760748165, 0.2860273, 0.9942854, 12.803127, 1
152338770960123, 0.05448139, 1.0623871, 11.767981, 1
152338781094873, -0.2860273, 1.3484144, 10.392325, 1
152338791487206, -0.54481393, 1.607201, 8.989429, 1
152338801617373, -0.7899802, 1.9885708, 7.9679036, 1
152338811790498, -1.0215261, 2.3018389, 7.2187843, 1
152338821985748, -1.0760075, 2.5333846, 6.810174, 1
152338832175206, -0.92618364, 2.7240696, 6.851035, 1
152338842383248, -0.7627395, 2.7649305, 7.3141265, 1
152338870837706, -0.38136974, 2.5742457, 8.104107, 1
152338871790873, -0.040861044, 2.3563201, 8.825985, 1
152338880693706, 0.12258313, 2.152015, 9.275456, 1
152338884184415, 0.32688835, 2.0566726, 9.452521, 1
152338893976665, 0.54481393, 1.9749504, 9.425281, 1
152338904130540, 0.5992953, 1.9068487, 9.302697, 1
152338914815123, 0.5720546, 1.8932283, 8.825985, 1
152338926511998, 0.4903325, 1.7025435, 8.512717, 1
152338937135748, 0.3949901, 1.7297841, 8.158588, 1
152338945464456, 0.2860273, 1.6344417, 7.668256, 1
152338955628123, 0.16344418, 1.607201, 7.2324047, 1
152338965863748, 0.12258313, 1.5799603, 6.8374147, 1
152338975976582, 0.05448139, 1.5799603, 6.4151835, 1
152338986881666, 0.027240695, 1.6344417, 5.992953, 1
152338997116666, 0.027240695, 1.7161638, 5.5843425, 1
152339007331957, 0.013620348, 1.920469, 5.053149, 1
152339019402624, 0.095342435, 2.1247742, 4.7943625, 1
152339027797499, 0.14982383, 2.2201166, 4.5628166, 1
152339037978332, 0.12258313, 2.4108016, 4.4810944, 1
152339048145749, 0.19068487, 2.547005, 4.5219555, 1
152339058611916, 0.24516626, 2.5606253, 4.862464, 1
152339069482499, 0.08172209, 2.547005, 5.3119354, 1
152339078916207, 0.05448139, 2.506144, 5.952092, 1
152339089134082, 0.05448139, 2.506144, 6.4015636, 1
152339099286540, 0.12258313, 2.547005, 6.864655, 1
152339110357791, 0.21792556, 2.6151068, 7.273266, 1
152339138432666, 0.47671217, 2.73769, 7.7363577, 1
152339140462957, 0.54481393, 2.901134, 8.104107, 1
152339141233124, 0.5720546, 2.9419951, 8.3765135, 1
152339157481916, 0.55843425, 2.9964764, 8.717023, 1
152339160741874, 0.46309182, 3.0373375, 8.798744, 1
152339170850207, 0.38136974, 3.173541, 9.193735, 1
152339181054124, 0.61291564, 3.1463003, 9.711308, 1
152339191201666, 0.980665, 3.1190596, 10.378705, 1
152339201332374, 1.5527196, 3.0100968, 11.427472, 1
152339211585082, 2.192876, 2.819412, 12.299174, 1
152339221350249, 2.6423476, 2.7240696, 12.993812, 1
152339232215041, 2.901134, 2.73769, 13.3207, 1
152339242165082, 2.669588, 2.9556155, 12.816748, 1
152339252398374, 2.4380422, 3.1190596, 11.972285, 1
152339262595957, 2.2201166, 3.173541, 11.114203, 1
152339272802749, 2.2473574, 3.2280223, 10.56939, 1
152339283070791, 2.5197644, 3.1871614, 10.58301, 1
152339293271291, 3.0100968, 2.8057916, 11.386611, 1
152339303527666, 3.4731886, 2.3426998, 12.380896, 1
152339313911832, 3.486809, 1.7161638, 13.021052, 1
152339323912582, 3.405087, 1.2803127, 13.661209, 1
152339334161291, 3.0237172, 0.7627395, 13.293459, 1
152339344348957, 2.2882185, 0.6946377, 12.040387, 1
152339354544874, 1.6344417, 0.7899802, 10.419566, 1
152339364765041, 1.0623871, 1.1441092, 9.125633, 1
152339375108499, 0.6537767, 1.607201, 8.267551, 1
152339385449624, 0.47671217, 2.0158114, 7.9270425, 1
152339395207082, 0.313268, 2.3563201, 7.763598, 1
152339405591541, 0.40861043, 2.5606253, 7.504812, 1
152339415812291, 0.7082581, 2.6968288, 7.177923, 1
152339426024999, 1.1577295, 2.587866, 6.8374147, 1
152339436169957, 1.5935807, 2.547005, 6.782933, 1
152339446446916, 2.2609777, 2.5197644, 7.3413672, 1
152339456666082, 2.5742457, 2.465283, 7.9270425, 1
152339466858957, 2.6559677, 2.315459, 8.662541, 1
152339476634832, 2.5333846, 2.0294318, 9.030291, 1
152339487533332, 2.315459, 1.7842655, 9.152874, 1
152339497472541, 2.1383946, 1.56634, 8.948568, 1
152339507688374, 1.7706453, 1.4709976, 8.512717, 1
152339517902374, 1.3211738, 1.4437568, 7.8180795, 1
152339528102499, 0.88532263, 1.3211738, 7.0280995, 1
152339538313082, 0.4903325, 1.3756552, 6.183638, 1
152339548529916, 0.095342435, 1.3892754, 5.448139, 1
152339558737666, -0.10896278, 1.4437568, 4.9578066, 1
152339569146166, -0.313268, 1.607201, 4.5491962, 1
152339579151291, -0.50395286, 1.7434045, 4.2223077, 1
152339589355832, -0.61291564, 1.8932283, 4.1269655, 1
152339599548624, -0.53119355, 2.2473574, 4.031623, 1
152339609776124, -0.51757324, 2.383561, 4.0861044, 1
152339634994499, -0.35412905, 2.6151068, 4.344891, 1
152339636684124, -0.19068487, 2.8057916, 4.69902, 1
152339640565332, 0.027240695, 3.0237172, 5.1893525, 1
152339650699749, 0.20430522, 3.13268, 5.7477865, 1
152339661039791, 0.27240697, 3.091819, 6.347082, 1
152339671235166, 0.3677494, 3.1190596, 6.8374147, 1
152339681449832, 0.38136974, 3.091819, 7.4639506, 1
152339691657207, 0.54481393, 3.050958, 8.21307, 1
152339701882832, 0.5720546, 3.0100968, 8.975809, 1
152339712108374, 0.667397, 3.1190596, 9.80665, 1
152339722314416, 0.6401563, 3.2961242, 10.365085, 1
152339732105832, 0.54481393, 3.4595683, 10.269742, 1
152339742937457, 0.095342435, 3.636633, 10.283362, 1
152339752956957, -0.14982383, 3.8273177, 10.256122, 1
152339763181124, -0.40861043, 3.8681788, 10.61025, 1
152339773389124, -0.21792556, 3.6774938, 11.35937, 1
152339783642707, -0.040861044, 3.568531, 12.217452, 1
152339793847332, -0.12258313, 3.5276701, 12.639683, 1
152339804039291, -0.44947147, 3.7864566, 12.4489975, 1
152339814241916, -0.6946377, 3.881799, 11.727119, 1
152339824686666, -0.6401563, 3.6093922, 11.277648, 1
152339834697416, -0.50395286, 3.5276701, 11.386611, 1
152339844936791, -0.12258313, 3.445948, 11.672638, 1
152339855183707, 0.40861043, 3.050958, 12.353656, 1
152339865414999, 1.1713499, 2.7649305, 12.6669235, 1
152339875736874, 1.3484144, 2.4108016, 12.803127, 1
152339885941582, 1.0896279, 2.2473574, 12.476238, 1
152339895956499, 0.7082581, 2.0294318, 11.699879, 1
152339905847707, 0.10896278, 1.9340894, 10.56939, 1
152339916366041, -0.47671217, 2.0566726, 9.370799, 1
152339926580332, -0.9942854, 2.2882185, 8.253931, 1
152339936708124, -1.1577295, 2.587866, 7.6954966, 1
152339946971041, -1.0079057, 2.9283748, 7.668256, 1
152339957165832, -0.8036005, 3.091819, 8.131348, 1
152339967380291, -0.55843425, 2.9964764, 8.948568, 1
152339977602582, -0.24516626, 2.73769, 9.684067, 1
152339987294207, -0.095342435, 2.3563201, 10.092678, 1
152339998207582, -0.027240695, 2.0294318, 10.147159, 1
152340008202749, 0.19068487, 1.8387469, 10.296983, 1
152340018428916, 0.2860273, 1.7978859, 10.2152605, 1
152340028650999, 0.3405087, 1.7978859, 10.283362, 1
152340038843291, 0.44947147, 1.7842655, 10.256122, 1
152340049072291, 0.3405087, 1.7434045, 9.779409, 1
152340059266291, 0.21792556, 1.6616824, 9.248216, 1
152340069496874, 0.21792556, 1.5527196, 8.880466, 1
152340079895124, -0.10896278, 1.4573772, 8.499097, 1
152340089891124, -0.027240695, 1.4028958, 8.158588, 1
152340100173457, 0.095342435, 1.3620348, 7.7772183, 1
152340110389041, 0.19068487, 1.3620348, 7.3549876, 1
152340120677832, 0.21792556, 1.4573772, 6.742072, 1
152340147274166, 0.10896278, 1.5935807, 6.2244987, 1
152340149291791, 0.06810174, 1.7978859, 5.706926, 1
152340150996749, 0.13620348, 2.0566726, 5.1893525, 1
152340165559541, 0.13620348, 2.4244218, 4.2904096, 1
152340171851832, -0.14982383, 2.4789033, 3.636633, 1
152340182014374, -0.40861043, 2.4108016, 3.3097446, 1
152340192209374, -0.667397, 2.4244218, 3.2825038, 1
152340202380249, -0.8580819, 2.6423476, 3.5412905, 1
152340212605749, -0.51757324, 2.819412, 4.1542063, 1
152340222795791, -0.38136974, 2.9964764, 4.6036777, 1
152340232981957, -0.20430522, 3.3778462, 4.9169455, 1
152340242776291, 0.040861044, 3.5140498, 5.1212506, 1
152340253738957, 0.23154591, 3.445948, 5.3800373, 1
152340263759082, 0.05448139, 3.3914666, 5.8158884, 1
152340273884166, -0.21792556, 3.5276701, 6.5513873, 1
152340284033666, -0.38136974, 3.4595683, 6.932757, 1
152340294230082, -0.54481393, 3.6093922, 7.518432, 1
152340304437749, -0.40861043, 3.636633, 8.539958, 1
152340314625166, -0.3677494, 3.5140498, 9.343558, 1
152340324848082, 0.14982383, 3.255263, 9.738548, 1
152340335402082, 0.6401563, 3.0237172, 9.970095, 1
152340345293291, 0.9125633, 3.1599207, 10.433187, 1
152340355526041, 0.84446156, 3.3233647, 10.351464, 1
152340365664291, 0.8308412, 3.5140498, 10.20164, 1
152340375905082, 0.939804, 3.4187074, 10.419566, 1
152340385938166, 1.1713499, 3.3506055, 11.386611, 1
152340396270999, 1.5118586, 2.9283748, 12.598822, 1
152340406438207, 1.525479, 2.3563201, 13.606728, 1
152340416498791, 1.56634, 2.0294318, 14.260504, 1
152340426862957, 1.607201, 1.5390993, 14.532911, 1
152340437097582, 1.2803127, 0.92618364, 13.797412, 1
152340447317749, 0.89894295, 0.35412905, 12.353656, 1
152340457522541, 0.38136974, 0.53119355, 10.909899, 1
152340467758999, 0.040861044, 1.253072, 9.656827, 1
152340477963957, -0.12258313, 2.1383946, 8.825985, 1
152340488163332, -0.24516626, 2.5606253, 8.512717, 1
152340498119457, -0.51757324, 2.969236, 8.60806, 1
152340508837749, -0.55843425, 3.1871614, 9.125633, 1
152340518847624, -0.313268, 2.969236, 9.80665, 1
152340529041499, -0.027240695, 2.7104492, 10.392325, 1
152340539231499, 0.35412905, 2.4516625, 10.474048, 1
152340549481416, 0.6946377, 2.315459, 10.079058, 1
152340559667166, 0.980665, 2.315459, 9.384419, 1
152340569857541, 1.1577295, 2.4380422, 8.117727, 1
152340580164374, 1.5118586, 2.5742457, 7.668256, 1
152340592699249, 1.5527196, 2.6014864, 7.477571, 1
152340601180457, 1.3211738, 2.506144, 7.5456724, 1
152340611965957, 0.939804, 2.152015, 7.763598, 1
152340624546749, 0.7491191, 1.7570249, 8.21307, 1
152340631263666, 0.7082581, 1.3484144, 8.60806, 1
152340641496916, 0.5720546, 0.9942854, 8.730643, 1
152340662818374, 0.38136974, 0.8308412, 8.308413, 1
152340664148541, 0.10896278, 0.939804, 7.6546354, 1
152340672309332, -0.013620348, 1.2803127, 6.8374147, 1
152340682472874, -0.040861044, 1.7434045, 5.5843425, 1
152340692598999, -0.027240695, 2.083913, 4.6445384, 1
152340702804291, -0.027240695, 2.4244218, 3.7728362, 1
152340712999749, -0.027240695, 2.73769, 3.5412905, 1
152340723237332, -0.19068487, 3.0237172, 3.7319753, 1
152340733490999, -0.29964766, 3.0237172, 4.2223077, 1
152340743653624, -0.2860273, 2.982856, 4.7943625, 1
152340753820874, -0.095342435, 2.9556155, 5.3936577, 1
152340764087457, -0.095342435, 2.969236, 5.7341666, 1
152340774275999, 0.12258313, 3.1190596, 5.9793324, 1
152340784528749, 0.27240697, 3.255263, 6.3198414, 1
152340794845541, 0.24516626, 3.405087, 6.7284517, 1
152340804972749, 0.13620348, 3.486809, 7.1506824, 1
152340815217457, -0.027240695, 3.6230125, 7.600154, 1
152340825410291, -0.027240695, 3.6774938, 8.049625, 1
152340835697332, -0.027240695, 3.7047346, 8.676162, 1
152340845815707, -0.027240695, 3.8545585, 9.507003, 1
152340856032791, 0.013620348, 3.8681788, 10.501288, 1
152340866242166, 0.13620348, 3.636633, 11.481953, 1
152340896929916, 0.12258313, 3.486809, 12.353656, 1
152340897661957, 0.12258313, 3.13268, 12.912089, 1
152340898934374, -0.23154591, 2.9283748, 12.898469, 1
152340907165624, -0.89894295, 2.9283748, 12.203832, 1
152340917782749, -1.5799603, 2.7649305, 10.95076, 1
152340936067416, -1.879608, 2.6968288, 9.983715, 1
152340942702249, -1.6616824, 2.669588, 9.452521, 1
152340948610957, -1.3075534, 2.7240696, 9.152874, 1
152340958707082, -0.61291564, 2.669588, 9.384419, 1
152340968881874, -0.19068487, 2.5742457, 10.474048, 1
152340979127166, 0.16344418, 2.4516625, 12.026767, 1
152340988851166, 0.35412905, 2.2201166, 13.279839, 1
152340998864916, 0.2860273, 2.0430522, 13.443283, 1
152341008905082, -0.19068487, 2.2201166, 12.081248, 1
152341018988916, -0.8580819, 2.4108016, 10.024576, 1
152341029122291, -1.8387469, 2.9147544, 8.253931, 1
152341039209332, -2.506144, 3.3914666, 7.43671, 1
152341049315707, -2.4789033, 3.5140498, 7.641015, 1
152341059417832, -2.152015, 3.6093922, 8.553578, 1
152341069519874, -1.6889231, 3.7047346, 9.670447, 1
152341079634499, -1.1441092, 3.568531, 10.732834, 1
152341090858832, -0.58567494, 3.255263, 11.577295, 1
152341101046624, -0.24516626, 2.8602731, 12.13573, 1
152341111135292, -0.027240695, 2.4380422, 12.312795, 1
152341121532126, -0.027240695, 2.192876, 12.13573, 1
152341131805834, -0.095342435, 1.8659877, 11.454713, 1
152341159396000, -0.14982383, 1.7161638, 10.869038, 1
152341163137459, 0.095342435, 1.7978859, 9.724928, 1
152341163888750, 0.19068487, 1.7978859, 8.7034025, 1
152341172710876, 0.3677494, 1.7978859, 7.804459, 1
152341182860750, 0.47671217, 1.8251266, 7.137062, 1
152341193062583, 0.51757324, 1.8115063, 6.578628, 1
152341203274292, 0.35412905, 1.7978859, 6.074675, 1
152341213508583, 0.29964766, 1.8387469, 5.5843425, 1
152341223726000, 0.27240697, 1.8387469, 5.1212506, 1
152341233991875, 0.27240697, 1.879608, 4.7262607, 1
152341244208375, 0.38136974, 1.96133, 4.399372, 1
152341254373375, 0.3949901, 2.152015, 4.5628166, 1
152341264609208, 0.3405087, 2.2882185, 4.69902, 1
152341274814625, 0.23154591, 2.465283, 4.5900574, 1
152341285331125, 0.16344418, 2.6832085, 4.658159, 1
152341295346625, 0.19068487, 2.8330324, 4.807983, 1
152341305588500, 0.12258313, 2.9147544, 5.0803895, 1
152341315736333, 0.05448139, 2.969236, 5.4208984, 1
152341325960417, 0.05448139, 2.9964764, 6.1700177, 1
152341336031292, 0.16344418, 3.0237172, 6.8782754, 1
152341346276750, 0.24516626, 2.9964764, 7.504812, 1
152341356618292, 0.2860273, 3.0237172, 7.7363577, 1
152341366899375, 0.2860273, 3.091819, 7.709117, 1
152341377168708, 0.24516626, 3.214402, 7.763598, 1
152341387376083, 0.29964766, 3.2961242, 8.117727, 1
152341397610083, 0.6946377, 3.2280223, 8.894087, 1
152341407821000, 1.334794, 3.0645783, 9.588725, 1
152341418039583, 1.7570249, 2.819412, 10.092678, 1
152341428281667, 2.192876, 2.7785509, 10.2152605, 1
152341438482875, 2.083913, 3.091819, 10.283362, 1
152341448713292, 1.7161638, 3.336985, 9.901993, 1
152341458890750, 1.293933, 3.336985, 9.602345, 1
152341469134583, 0.89894295, 3.1190596, 9.643207, 1
152341479379250, 0.89894295, 2.8738933, 10.54215, 1
152341489572708, 1.293933, 2.73769, 12.026767, 1
152341499799458, 1.8387469, 2.73769, 12.92571, 1
152341510106750, 2.192876, 2.4789033, 13.470524, 1
152341520351458, 2.3018389, 2.2745981, 14.08344, 1
152341530568208, 1.8932283, 2.1247742, 13.715691, 1
152341540695042, 1.3620348, 1.7434045, 12.639683, 1
152341550796375, 0.6946377, 1.3484144, 11.155065, 1
152341561145083, 0.10896278, 1.2122109, 9.888372, 1
152341571328000, -0.27240697, 1.5390993, 8.934948, 1
152341581619542, -0.38136974, 1.9340894, 8.5944395, 1
152341591798417, -0.21792556, 2.1656353, 8.853226, 1
152341602018208, 0.08172209, 2.3426998, 9.275456, 1
152341612249125, 0.50395286, 2.383561, 9.507003, 1
152341622443667, 1.0896279, 2.3563201, 9.575105, 1
152341632787792, 1.6753027, 2.315459, 9.261836, 1
152341649131208, 2.2473574, 2.315459, 8.7034025, 1
152341656461333, 2.6559677, 2.4108016, 7.981524, 1
152341666427125, 2.6559677, 2.506144, 7.709117, 1
152341676513500, 2.547005, 2.465283, 7.6954966, 1
152341686972375, 2.1111538, 2.3563201, 8.185829, 1
152341697205708, 1.56634, 1.9885708, 8.717023, 1
152341707412792, 0.9942854, 1.5799603, 9.0983925, 1
152341717650083, 0.6401563, 1.1849703, 9.41166, 1
152341727866750, 0.313268, 0.92618364, 9.180115, 1
152341738059833, 0.05448139, 0.7627395, 8.471856, 1
152341748274625, -0.16344418, 0.8580819, 7.518432, 1
152341758490792, -0.19068487, 1.1032481, 6.6331096, 1
152341768713833, -0.19068487, 1.3484144, 5.611583, 1
152341778950583, -0.20430522, 1.7706453, 4.8216033, 1
152341789170083, -0.14982383, 2.0294318, 4.4538536, 1
152341799407792, -0.12258313, 2.315459, 4.4129925, 1
152341809622500, -0.23154591, 2.4108016, 4.5219555, 1
152341819824750, -0.2860273, 2.506144, 4.767122, 1
152341830127042, -0.3405087, 2.5197644, 5.2165933, 1
152341840331125, -0.40861043, 2.5333846, 5.5843425, 1
152341850521792, -0.44947147, 2.4789033, 5.761407, 1
152341860809750, -0.43585113, 2.506144, 6.006573, 1
152341870958750, -0.3405087, 2.547005, 6.26536, 1
152341881218333, -0.19068487, 2.6832085, 6.66035, 1
152341914382250, 0.13620348, 2.8602731, 7.246025, 1
152341916091042, 0.35412905, 2.9556155, 7.995144, 1
152341917134333, 0.54481393, 3.0645783, 8.975809, 1
152341924483583, 0.40861043, 3.091819, 9.602345, 1
152341934717792, 0.35412905, 3.1054392, 9.956474, 1
152341944772500, 0.20430522, 3.1463003, 10.106298, 1
152341955477958, 0.05448139, 3.1190596, 10.065437, 1
152341967849208, 0.05448139, 3.1190596, 10.228881, 1
152341975806625, -0.013620348, 3.1599207, 10.474048, 1
152341986500125, 0.013620348, 3.255263, 10.773695, 1
152341996123750, -0.027240695, 3.255263, 11.005241, 1
152342006367375, -0.19068487, 3.091819, 11.223166, 1
152342017305625, -0.14982383, 2.8057916, 11.536434, 1
152342027038000, -0.05448139, 2.669588, 12.203832, 1
152342037223125, 0.095342435, 2.6014864, 13.0619135, 1
152342047365125, 0.54481393, 2.4789033, 13.715691, 1
152342057587083, 0.89894295, 2.2201166, 14.192402, 1
152342067810083, 1.1985906, 2.070293, 14.2877445, 1
152342078010583, 1.253072, 1.7842655, 14.137921, 1
152342088311417, 1.0623871, 1.484618, 13.279839, 1
152342099718500, 0.58567494, 1.1985906, 11.659018, 1
152342108682625, 0.05448139, 1.1441092, 9.847511, 1
152342118940375, -0.46309182, 1.4709976, 8.19945, 1
152342129164375, -0.87170225, 1.8387469, 6.891896, 1
152342139352875, -1.0079057, 2.2473574, 6.115536, 1
152342149927458, -0.95342433, 2.6423476, 6.1291566, 1
152342168015000, -0.51757324, 3.0373375, 6.891896, 1
152342170879208, 0.095342435, 3.214402, 8.771504, 1
152342187293458, 0.53119355, 2.969236, 10.378705, 1
152342192027792, 0.89894295, 2.5197644, 11.795221, 1
152342201304542, 1.2122109, 2.2064962, 13.007432, 1
152342211416750, 1.253072, 1.96133, 13.756551, 1
152342221675375, 1.1441092, 1.7706453, 13.865514, 1
152342232440292, 0.6810174, 1.5118586, 13.266219, 1
152342242601625, 0.313268, 1.2803127, 12.203832, 1
152342252382083, 0.19068487, 1.253072, 10.96438, 1
152342262522542, 0.21792556, 1.3075534, 9.929234, 1
152342272767917, 0.46309182, 1.4982382, 9.057531, 1
152342283018833, 0.61291564, 1.6480621, 8.240311, 1
152342293204250, 0.7218784, 1.8251266, 7.6954966, 1
152342303423500, 0.7491191, 1.8251266, 7.1915436, 1
152342313658875, 0.7218784, 1.8115063, 6.769313, 1
152342323866083, 0.626536, 1.7978859, 6.2926006, 1
152342334146083, 0.40861043, 1.7434045, 5.87037, 1
152342344381125, 0.40861043, 1.7434045, 5.529861, 1
152342354634792, 0.27240697, 1.7978859, 5.325556, 1
152342364732667, 0.32688835, 1.8387469, 5.1484914, 1
152342374940833, 0.32688835, 1.879608, 5.0259085, 1
152342385510875, 0.3677494, 1.9340894, 5.0259085, 1
152342395416583, 0.44947147, 1.9749504, 4.9986677, 1
152342405648833, 0.54481393, 1.96133, 4.8760843, 1
152342415804625, 0.55843425, 1.8659877, 4.903325, 1
152342425991417, 0.53119355, 1.920469, 4.9850473, 1
152342436204708, 0.44947147, 2.152015, 4.971427, 1
152342446604125, 0.51757324, 2.506144, 5.0803895, 1
152342456744625, 0.7627395, 2.8875136, 5.339176, 1
152342466965958, 0.95342433, 3.1871614, 5.6524444, 1
152342477184167, 1.0215261, 3.3778462, 5.992953, 1
152342487409792, 0.8308412, 3.4187074, 6.2926006, 1
152342497622208, 0.47671217, 3.2961242, 6.701211, 1
152342507859208, 0.20430522, 3.1463003, 7.1506824, 1
152342518060583, 0.13620348, 2.9419951, 7.43671, 1
152342528299167, 0.25878662, 2.9283748, 7.504812, 1
152342538519250, 0.38136974, 3.091819, 7.572913, 1
152342548755083, 0.50395286, 3.173541, 7.940663, 1
152342558962125, 0.7354988, 3.214402, 8.240311, 1
152342569191625, 0.7627395, 3.13268, 8.962189, 1
152342579401125, 0.667397, 3.255263, 9.547864, 1
152342589624083, 0.58567494, 3.3506055, 9.888372, 1
152342599846000, 0.54481393, 3.4323275, 9.833891, 1
152342610130500, 0.58567494, 3.5276701, 9.711308, 1
152342620331625, 0.939804, 3.5276701, 9.738548, 1
152342630585417, 1.4982382, 3.3506055, 10.514909, 1
152342640815708, 2.002191, 3.1871614, 12.408136, 1
152342666802250, 2.506144, 2.819412, 14.6827345, 1
152342668018917, 2.6968288, 2.233737, 16.575964, 1
152342671167625, 2.6014864, 1.5799603, 17.570248, 1
152342681922542, 1.8659877, 1.0487667, 16.698545, 1
152342692103708, 1.4028958, 0.61291564, 14.7916975, 1
152342702314292, 1.0623871, 0.46309182, 12.762266, 1
152342712530000, 0.667397, 0.6537767, 10.841797, 1
152342722743625, 0.32688835, 0.95342433, 9.602345, 1
152342732988792, 0.20430522, 1.2394516, 8.934948, 1
152342743177667, 0.2860273, 1.484618, 9.01667, 1
152342753462167, 0.6810174, 1.6753027, 9.41166, 1
152342763623042, 1.3075534, 1.7025435, 9.901993, 1
152342773860417, 1.6889231, 1.7706453, 10.269742, 1
152342784110708, 2.0430522, 1.7978859, 10.256122, 1
152342794298917, 2.1792557, 1.7706453, 10.106298, 1
152342804515833, 2.3018389, 1.6208214, 9.833891, 1
152342814752375, 2.2609777, 1.607201, 9.547864, 1
152342824960292, 2.152015, 1.5390993, 9.275456, 1
152342835345500, 2.192876, 1.5118586, 8.975809, 1
152342845496875, 2.0430522, 1.5390993, 8.60806, 1
152342855784917, 2.0158114, 1.6208214, 8.240311, 1
152342865887042, 1.7706453, 1.607201, 7.8317, 1
152342876115167, 1.5390993, 1.5118586, 7.3005066, 1
152342885975500, 1.1168685, 1.5799603, 6.932757, 1
152342896611875, 1.0215261, 1.2258313, 6.5241466, 1
152342906828542, 0.7354988, 1.0487667, 6.2244987, 1
152342929326750, 0.50395286, 0.980665, 6.006573, 1
152342930675000, 0.3677494, 0.9942854, 6.0882955, 1
152342939577708, 0.24516626, 1.1577295, 6.347082, 1
152342949859542, 0.40861043, 1.4982382, 6.6467295, 1
152342960460333, 0.47671217, 1.7025435, 6.67397, 1
152342970936292, 0.6401563, 1.9340894, 6.510526, 1
152342985655375, 0.7354988, 2.1792557, 6.374323, 1
152342994663708, 0.667397, 2.1792557, 6.4560447, 1
152343004271208, 0.6401563, 2.2745981, 6.769313, 1
152343014491167, 0.3949901, 2.2882185, 7.1506824, 1
152343024662125, 0.38136974, 2.315459, 7.7363577, 1
152343034901708, 0.44947147, 2.2882185, 8.322033, 1
152343045101583, 0.54481393, 2.2201166, 8.771504, 1
152343055297292, 0.55843425, 2.2201166, 9.084772, 1
152343065500875, 0.61291564, 2.2201166, 9.329938, 1
152343076803917, 0.5720546, 2.152015, 9.180115, 1
152343086408958, 0.43585113, 2.1383946, 9.180115, 1
152343096183125, 0.2860273, 2.1247742, 9.220976, 1
152343106345083, 0.10896278, 2.1247742, 9.193735, 1
152343116593625, 0.12258313, 2.083913, 9.180115, 1
152343126835375, -0.16344418, 2.2064962, 9.384419, 1
152343138377583, -0.12258313, 2.152015, 9.534244, 1
152343162138542, -0.14982383, 2.1656353, 9.615966, 1
152343163364625, -0.14982383, 2.3290794, 9.629586, 1
152343167841958, -0.08172209, 2.4108016, 9.466142, 1
152343177914125, 0.23154591, 2.547005, 9.193735, 1
152343188114208, 0.50395286, 2.7240696, 8.989429, 1
152343198318334, 0.8308412, 2.8875136, 8.907707, 1
152343208514126, 1.0487667, 3.0237172, 8.730643, 1
152343218738502, 1.1849703, 2.9147544, 8.771504, 1
152343228980460, 1.0215261, 3.0100968, 8.662541, 1
152343239198001, 0.7627395, 2.901134, 8.771504, 1
152343249426750, 0.54481393, 2.9147544, 9.125633, 1
152343259645417, 0.27240697, 2.73769, 9.166494, 1
152343288760334, 0.095342435, 2.506144, 8.730643, 1
152343289677667, 0.06810174, 2.5742457, 8.090487, 1
152343297735584, 0.12258313, 2.73769, 7.7772183, 1
152343308046418, 0.21792556, 2.969236, 7.6273947, 1
152343318710501, 0.17706452, 2.9964764, 7.559293, 1
152343334217709, -0.013620348, 2.9419951, 7.804459, 1
152343344008709, -0.20430522, 2.7649305, 7.8317, 1
152343354671876, -0.3949901, 2.7785509, 7.7772183, 1
152343366622751, -0.46309182, 2.7785509, 7.7772183, 1
152343376296501, -0.44947147, 2.8875136, 7.8589406, 1
152343386747084, -0.38136974, 2.9283748, 8.008764, 1
152343397213501, -0.19068487, 3.0645783, 8.117727, 1
152343408201709, -0.027240695, 3.1599207, 8.19945, 1
152343417971251, 0.14982383, 3.3233647, 8.144968, 1
152343428158793, 0.23154591, 3.445948, 8.158588, 1
152343438343584, 0.19068487, 3.2688835, 8.253931, 1
152343448555959, 0.040861044, 3.1190596, 8.417375, 1
152343458795293, -0.05448139, 2.901134, 8.512717, 1
152343468967209, -0.05448139, 2.6968288, 8.322033, 1
152343479189751, -0.27240697, 2.7921712, 8.063246, 1
152343490783626, -0.12258313, 2.819412, 8.22669, 1
152343499757334, 0.313268, 2.8602731, 8.390134, 1
152343509871751, 0.667397, 2.8738933, 9.0983925, 1
152343526701793, 0.92618364, 2.9283748, 9.697687, 1
152343530172126, 0.8580819, 2.8738933, 9.997335, 1
152343546680334, 0.55843425, 2.73769, 9.697687, 1
152343550260876, 0.24516626, 2.5197644, 9.248216, 1
152343561359876, -0.095342435, 2.4108016, 8.962189, 1
152343570438209, -0.313268, 2.4380422, 8.812365, 1
152343580343501, -0.38136974, 2.5197644, 8.730643, 1
152343590409168, -0.44947147, 2.669588, 8.948568, 1
152343600542501, -0.38136974, 2.669588, 9.152874, 1
152343610658876, -0.35412905, 2.587866, 9.261836, 1
152343631650543, -0.40861043, 2.4925237, 9.261836, 0
152343632069168, -0.58567494, 2.4789033, 9.112013, 0
152343644691626, -0.50395286, 2.587866, 8.866846, 0
152343651873834, -0.44947147, 2.7513103, 8.62168, 0
152343663218251, -0.46309182, 2.901134, 8.458236, 0
152343674413001, -0.313268, 3.050958, 8.567199, 0
152343685423126, -0.2860273, 3.050958, 8.757884, 0
152343693413709, -0.23154591, 2.982856, 8.866846, 0
152343703514959, -0.19068487, 2.9556155, 8.825985, 0
152343713671793, -0.05448139, 3.0237172, 8.785124, 0
152343723762751, -0.095342435, 3.0645783, 8.717023, 0
152343733893751, -0.21792556, 2.9419951, 8.771504, 0
152343744004959, -0.29964766, 2.9147544, 8.771504, 0
152343754164959, -0.46309182, 2.8738933, 8.7034025, 0
152343764289459, -0.58567494, 2.7513103, 8.567199, 0
152343774372043, -0.7082581, 2.6968288, 8.539958, 0
152343784530751, -0.7627395, 2.6832085, 8.512717, 0
152343795619126, -0.6810174, 2.7240696, 8.539958, 0
152343805723543, -0.54481393, 2.73769, 8.60806, 0
152343815921709, -0.53119355, 2.7921712, 8.471856, 0
152343826084959, -0.61291564, 2.8057916, 8.3765135, 0
152343836158876, -0.50395286, 2.8466527, 8.253931, 0
152343846702876, -0.3949901, 2.819412, 8.3765135, 0
152343856689876, -0.3677494, 2.8330324, 8.567199, 0
152343866944376, -0.32688835, 2.8466527, 8.853226, 0
152343877148084, -0.35412905, 2.8057916, 9.071152, 0
152343887315543, -0.40861043, 2.7649305, 9.152874, 0
152343897479209, -0.43585113, 2.6832085, 9.084772, 0
152343907706376, -0.38136974, 2.7240696, 8.907707, 0
152343917884959, -0.40861043, 2.7649305, 8.662541, 0
152343930353834, -0.27240697, 2.8875136, 8.403754, 0
152343938375084, -0.13620348, 2.9964764, 8.349273, 0
152343948517126, -0.040861044, 3.0645783, 8.417375, 0
152343958720126, -0.040861044, 3.0100968, 8.4854765, 0
152343968921626, -0.040861044, 2.982856, 8.444615, 0
152343979149709, -0.08172209, 2.9283748, 8.403754, 0
152343989382543, -0.21792556, 2.9283748, 8.4854765, 0
152343999533834, -0.27240697, 2.901134, 8.512717, 0
152344009401043, -0.25878662, 2.8602731, 8.635301, 0
152344019984293, -0.23154591, 2.8602731, 8.635301, 0
152344030291043, -0.14982383, 2.8738933, 8.676162, 0
152344040490793, -0.13620348, 2.9964764, 8.580819, 0
152344050596126, -0.095342435, 3.0645783, 8.458236, 0
152344060851376, -0.12258313, 3.1463003, 8.335652, 0
152344071023168, -0.05448139, 3.1599207, 8.308413, 0
152344081224126, -0.06810174, 3.13268, 8.349273, 0
152344091670959, -0.12258313, 3.0645783, 8.580819, 0
152344102033334, -0.20430522, 3.0373375, 8.689782, 0
152344112067668, -0.20430522, 2.982856, 8.676162, 0
152344122274543, -0.12258313, 2.9964764, 8.539958, 0
152344132527293, -0.17706452, 2.9964764, 8.4854765, 0
152344142741084, -0.16344418, 2.9964764, 8.4854765, 0
152344174071543, -0.23154591, 3.0373375, 8.471856, 0
152344175415959, -0.24516626, 2.9964764, 8.444615, 0
152344178070709, -0.25878662, 3.0237172, 8.444615, 0
152344185452084, -0.25878662, 2.9964764, 8.403754, 0
152344194920293, -0.21792556, 3.0373375, 8.3765135, 0
152344205101543, -0.16344418, 3.0645783, 8.403754, 0
152344215261543, -0.16344418, 3.1463003, 8.512717, 0
152344225479793, -0.027240695, 3.0645783, 8.5944395, 0
152344235738876, -0.06810174, 3.1054392, 8.580819, 0
152344245851751, -0.19068487, 3.0237172, 8.471856, 0
152344256054918, -0.313268, 3.0373375, 8.403754, 0
152344266274084, -0.25878662, 2.9964764, 8.390134, 0
152344276362793, -0.2860273, 2.9964764, 8.390134, 0
152344287105126, -0.24516626, 3.0645783, 8.281172, 0
152344297118084, -0.27240697, 3.050958, 8.471856, 0
152344307326876, -0.32688835, 3.1871614, 8.417375, 0
152344317548834, -0.2860273, 3.1054392, 8.553578, 0
152344327748709, -0.24516626, 3.0237172, 8.512717, 0
152344337974751, -0.24516626, 3.0645783, 8.526338, 0
152344348142209, -0.3405087, 3.0237172, 8.539958, 0
152344358407543, -0.3405087, 2.8875136, 8.62168, 0
152344368797626, -0.43585113, 2.8875136, 8.662541, 0
152344378796293, -0.40861043, 2.8602731, 8.648921, 0
152344388985084, -0.44947147, 2.8602731, 8.635301, 0
152344399189501, -0.47671217, 2.901134, 8.60806, 0
152344409412876, -0.4903325, 2.8738933, 8.60806, 0
152344419604876, -0.35412905, 2.9283748, 8.553578, 0
152344429801001, -0.24516626, 3.0645783, 8.539958, 0
152344440090376, -0.23154591, 3.0645783, 8.512717, 0
152344450311209, -0.19068487, 2.9964764, 8.62168, 0
152344460495959, -0.32688835, 2.9283748, 8.676162, 0
152344470650918, -0.2860273, 2.901134, 8.730643, 0
152344480887501, -0.27240697, 2.8602731, 8.771504, 0
152344491112751, -0.29964766, 2.8602731, 8.798744, 0
152344501311876, -0.2860273, 2.8057916, 8.798744, 0
152344511482668, -0.35412905, 2.8057916, 8.771504, 0
152344521689209, -0.3405087, 2.7785509, 8.648921, 0
152344531697459, -0.29964766, 2.8602731, 8.539958, 0
152344542096584, -0.25878662, 2.8738933, 8.499097, 0
152344552285293, -0.23154591, 2.9283748, 8.471856, 0
152344562508876, -0.20430522, 2.9556155, 8.539958, 0
152344572728209, -0.19068487, 2.9556155, 8.662541, 0
152344582984418, -0.24516626, 2.9147544, 8.798744, 0
152344593165043, -0.2860273, 2.901134, 8.676162, 0
152344603383251, -0.3677494, 2.8875136, 8.635301, 0
152344613715043, -0.38136974, 2.8875136, 8.676162, 0
152344624165001, -0.35412905, 2.9283748, 8.757884, 0
152344635442418, -0.38136974, 2.9147544, 8.730643, 0
152344644379418, -0.24516626, 2.9419951, 8.676162, 0
152344654631918, -0.17706452, 2.9556155, 8.648921, 0
152344665218459, -0.23154591, 2.9964764, 8.580819, 0
152344687683001, -0.13620348, 3.0100968, 8.512717, 0
152344689003376, -0.19068487, 2.9556155, 8.512717, 0
152344697256459, -0.25878662, 2.9556155, 8.567199, 0
152344707395793, -0.24516626, 2.9419951, 8.5944395, 0
152344717500834, -0.27240697, 2.8738933, 8.717023, 0
152344727825668, -0.25878662, 2.8875136, 8.717023, 0
152344737960834, -0.23154591, 2.8602731, 8.866846, 0
152344748194209, -0.17706452, 2.8602731, 8.853226, 0
152344758414376, -0.16344418, 2.8738933, 8.825985, 0
152344768606876, -0.19068487, 2.9283748, 8.676162, 0
152344778827709, -0.14982383, 2.9283748, 8.62168, 0
152344789060834, -0.13620348, 2.9556155, 8.539958, 0
152344799432418, -0.14982383, 2.982856, 8.512717, 0
152344809870418, -0.21792556, 2.901134, 8.512717, 0
152344819849501, -0.24516626, 2.901134, 8.512717, 0
152344830148168, -0.21792556, 2.8875136, 8.471856, 0
152344840333418, -0.12258313, 2.8875136, 8.580819, 0
152344850583459, -0.14982383, 2.901134, 8.648921, 0
152344860687918, -0.10896278, 2.901134, 8.676162, 0
152344870867751, -0.027240695, 2.9147544, 8.7034025, 0
152344881125959, -0.027240695, 2.9283748, 8.60806, 0
152344891335876, -0.027240695, 2.9964764, 8.267551, 0
152344901664834, -0.027240695, 2.9964764, 8.362893, 0
152344911888334, -0.040861044, 2.9283748, 8.430995, 0
152344922069501, -0.095342435, 2.9283748, 8.539958, 0
152344953248376, -0.08172209, 2.9283748, 8.635301, 0
152344954637501, -0.05448139, 2.9283748, 8.757884, 0
152344955491126, -0.12258313, 2.8875136, 8.757884, 0
152344963912959, -0.06810174, 2.9283748, 8.676162, 0
152344973656001, -0.05448139, 2.9964764, 8.539958, 0
152344984271918, 0.027240695, 2.9964764, 8.417375, 0
152344994556834, 0.027240695, 3.050958, 8.471856, 0
152345004702251, -0.013620348, 2.9964764, 8.417375, 0
152345015938751, -0.040861044, 3.0237172, 8.539958, 0
152345026074709, -0.12258313, 2.9556155, 8.662541, 0
152345036093793, -0.095342435, 2.901134, 8.730643, 0
152345047747709, -0.08172209, 2.8602731, 8.771504, 0
152345056653084, -0.095342435, 2.8602731, 8.744264, 0
152345066837751, -0.17706452, 2.9147544, 8.580819, 0
152345077007418, -0.12258313, 2.901134, 8.7034025, 0
152345087338668, -0.095342435, 3.0373375, 8.60806, 0
152345097776459, -0.027240695, 2.9147544, 8.635301, 0
152345108365376, -0.013620348, 2.9283748, 8.676162, 0
152345118627084, -0.027240695, 2.9556155, 8.5944395, 0
152345130947376, -0.08172209, 2.8875136, 8.512717, 0
152345139044043, -0.14982383, 2.8602731, 8.471856, 0
152345149251334, -0.16344418, 2.9283748, 8.390134, 0
152345159511918, -0.12258313, 2.982856, 8.3765135, 0
152345186931918, -0.05448139, 2.9556155, 8.553578, 0
152345190499126, 0.013620348, 2.9556155, 8.648921, 0
152345191533334, -0.027240695, 2.9556155, 8.689782, 0
152345201121043, -0.027240695, 2.9147544, 8.662541, 0
152345211668460, -0.027240695, 2.9419951, 8.539958, 0
152345221549586, -0.06810174, 2.9419951, 8.526338, 0
152345231745003, -0.040861044, 2.982856, 8.471856, 0
152345241904919, -0.013620348, 2.9556155, 8.417375, 0
152345252354128, -0.013620348, 2.9283748, 8.417375, 0
152345263571585, -0.095342435, 2.969236, 8.430995, 0
152345273021502, -0.17706452, 2.9283748, 8.539958, 0
152345283271835, -0.13620348, 2.8602731, 8.62168, 0
152345293459377, -0.24516626, 2.8057916, 8.7034025, 0
152345303653919, -0.2860273, 2.8466527, 8.635301, 0
152345313876210, -0.21792556, 2.8466527, 8.62168, 0
152345324077752, -0.17706452, 2.8738933, 8.635301, 0
152345334288252, -0.08172209, 2.8602731, 8.62168, 0
152345344215210, -0.08172209, 2.8602731, 8.676162, 0
152345354672543, -0.08172209, 2.8602731, 8.580819, 0
152345364959043, -0.06810174, 2.8330324, 8.580819, 0
152345375650627, -0.10896278, 2.9283748, 8.567199, 0
152345385665377, -0.06810174, 2.901134, 8.553578, 0
152345395644002, -0.12258313, 2.901134, 8.526338, 0
152345405764835, -0.095342435, 2.7649305, 8.430995, 0
152345416002544, -0.027240695, 2.9283748, 8.3765135, 0
152345426174419, -0.12258313, 2.9556155, 8.3765135, 0
152345436495919, -0.12258313, 2.9419951, 8.539958, 0
152345446609502, -0.05448139, 2.9283748, 8.676162, 0
152345456800377, -0.06810174, 2.8602731, 8.771504, 0
152345467024877, -0.10896278, 2.8466527, 8.812365, 0
152345477268544, -0.06810174, 2.8330324, 8.839605, 0
152345487423002, -0.08172209, 2.8875136, 8.717023, 0
152345497654835, -0.095342435, 2.9283748, 8.60806, 0
152345507846044, -0.095342435, 2.9556155, 8.62168, 0
152345518095919, -0.13620348, 2.9283748, 8.526338, 0
152345528298002, -0.08172209, 2.901134, 8.676162, 0
152345538472085, -0.05448139, 2.9556155, 8.471856, 0
152345548723710, -0.095342435, 2.9147544, 8.553578, 0
152345558913127, -0.12258313, 2.9283748, 8.512717, 0
152345569150585, -0.10896278, 2.9147544, 8.444615, 0
152345579346335, -0.095342435, 2.969236, 8.4854765, 0
152345589557710, -0.027240695, 2.9283748, 8.499097, 0
152345599491210, -0.027240695, 2.9283748, 8.430995, 0
152345609973960, -0.05448139, 2.9419951, 8.526338, 0
152345620255085, -0.14982383, 2.901134, 8.60806, 0
152345630481627, -0.12258313, 2.8602731, 8.689782, 0
152345640668794, -0.12258313, 2.901134, 8.635301, 0
152345650888627, -0.14982383, 2.9147544, 8.580819, 0
152345674197710, -0.095342435, 2.9556155, 8.4854765, 0
152345682006169, -0.095342435, 2.982856, 8.349273, 0
152345684694835, -0.095342435, 2.9964764, 8.349273, 0
152345692746877, -0.05448139, 3.0373375, 8.3765135, 0
152345702213835, -0.05448139, 3.050958, 8.526338, 0
152345712415419, -0.12258313, 2.982856, 8.730643, 0
152345722650419, -0.10896278, 2.9283748, 8.7034025, 0
152345732884085, -0.14982383, 2.9556155, 8.567199, 0
152345743095210, -0.16344418, 2.9964764, 8.526338, 0
152345753275502, -0.16344418, 3.0237172, 8.430995, 0
152345763507419, -0.05448139, 3.050958, 8.4854765, 0
152345773443335, -0.027240695, 3.091819, 8.580819, 0
152345783932210, -0.013620348, 3.0373375, 8.635301, 0
152345794137085, -0.013620348, 3.0237172, 8.648921, 0
152345804380960, -0.095342435, 2.982856, 8.7034025, 0
152345814559585, -0.12258313, 2.9964764, 8.662541, 0
152345824783960, -0.21792556, 2.9419951, 8.5944395, 0
152345834988169, -0.19068487, 2.9283748, 8.635301, 0
152345845252919, -0.19068487, 2.901134, 8.635301, 0
152345854859960, -0.17706452, 2.9147544, 8.662541, 0
152345865830252, -0.12258313, 2.901134, 8.635301, 0
152345876118877, -0.12258313, 2.9419951, 8.60806, 0
152345885904127, -0.06810174, 2.8602731, 8.635301, 0
152345896261710, -0.10896278, 2.8466527, 8.580819, 0
152345906466460, -0.13620348, 2.8330324, 8.567199, 0
152345916631294, -0.08172209, 2.901134, 8.580819, 0
152345926845919, -0.095342435, 2.9419951, 8.648921, 0
152345937102544, -0.027240695, 2.9147544, 8.676162, 0
152345947533002, -0.027240695, 2.901134, 8.7034025, 0
152345958046419, -0.027240695, 2.8738933, 8.662541, 0
152345968166169, -0.05448139, 2.9283748, 8.60806, 0
152345978363502, -0.05448139, 2.9283748, 8.539958, 0
152345988562502, -0.05448139, 2.969236, 8.499097, 0
152345998783252, -0.05448139, 2.9964764, 8.580819, 0
152346008994419, 0.095342435, 2.9283748, 8.580819, 0
152346019181335, -0.12258313, 2.8330324, 8.635301, 0
152346029149294, -0.19068487, 2.7785509, 8.7034025, 0
152346039685085, -0.14982383, 2.8057916, 8.785124, 0
152346049910544, -0.16344418, 2.7649305, 8.730643, 0
152346060195127, -0.05448139, 2.819412, 8.798744, 0
152346070396335, -0.05448139, 2.8330324, 8.839605, 0
152346080628419, -0.19068487, 2.7921712, 8.866846, 0
152346090770127, -0.21792556, 2.7240696, 8.853226, 0
152346100967502, -0.29964766, 2.669588, 8.689782, 0
152346111170127, -0.24516626, 2.6968288, 8.580819, 0
152346121576585, -0.21792556, 2.73769, 8.553578, 0
152346131624252, -0.2860273, 2.73769, 8.60806, 0
152346141873919, -0.313268, 2.8466527, 8.717023, 0
152346152037377, -0.20430522, 2.73769, 8.635301, 0
152346162338710, -0.19068487, 2.7921712, 8.512717, 0
152346172842335, -0.16344418, 2.8330324, 8.539958, 0
152346192767169, -0.05448139, 2.8330324, 8.512717, 0
152346193652294, -0.095342435, 2.8466527, 8.60806, 0
152346203202627, -0.095342435, 2.8602731, 8.662541, 0
152346214633377, -0.095342435, 2.8602731, 8.458236, 0
152346223876294, -0.08172209, 2.8875136, 8.362893, 0
152346234070335, -0.06810174, 2.901134, 8.322033, 0
152346244229877, -0.12258313, 2.9556155, 8.3765135, 0
152346254442544, -0.095342435, 2.8330324, 8.471856, 0
152346264657585, -0.12258313, 2.8330324, 8.471856, 0
152346274859044, -0.10896278, 2.7649305, 8.390134, 0
152346285507419, -0.19068487, 2.8330324, 8.471856, 0
152346296009544, -0.14982383, 2.8875136, 8.744264, 0
152346307759169, -0.12258313, 2.8738933, 8.839605, 0
152346317601044, -0.095342435, 2.8602731, 8.853226, 0
152346327773377, -0.06810174, 2.9147544, 8.689782, 0
152346337932169, -0.027240695, 3.0237172, 8.539958, 0
152346348158210, 0.095342435, 3.1054392, 8.444615, 0
152346358360794, 0.10896278, 3.1190596, 8.417375, 0
152346368564669, 0.16344418, 3.1190596, 8.444615, 0
152346378793210, 0.13620348, 3.1054392, 8.512717, 0
152346388843544, 0.17706452, 3.1190596, 8.403754, 0
152346399215877, 0.13620348, 3.1599207, 8.3765135, 0
152346409419252, 0.10896278, 3.1463003, 8.349273, 0
152346419645794, 0.12258313, 3.1871614, 8.322033, 0
152346429842252, 0.06810174, 3.214402, 8.281172, 0
152346440124960, 0.05448139, 3.2007818, 8.253931, 0
152346450333627, 0.05448139, 3.255263, 8.21307, 0
152346460554502, 0.14982383, 3.2825038, 8.022385, 0
152346470804294, 0.16344418, 3.2961242, 7.84532, 0
152346481232294, -0.05448139, 3.2825038, 7.3549876, 0
152346491199419, -0.21792556, 3.2825038, 7.205164, 0
152346505741627, -0.08172209, 3.1871614, 7.4639506, 0
152346512483502, 0.095342435, 3.2825038, 8.090487, 0
152346528192919, 0.12258313, 3.445948, 8.812365, 0
152346532844252, 0.313268, 3.3642259, 8.948568, 0
152346543368210, 0.21792556, 3.336985, 8.676162, 0
152346553280585, 0.23154591, 3.214402, 8.60806, 0
152346563368544, 0.12258313, 3.091819, 8.771504, 0
152346573615752, 0.06810174, 3.1054392, 9.084772, 0
152346583618502, 0.027240695, 3.214402, 9.384419, 0
152346593694960, -0.23154591, 3.2007818, 9.261836, 0
152346603801294, -0.13620348, 3.050958, 9.01667, 0
152346613926585, -0.13620348, 3.050958, 8.798744, 0
152346629912877, -0.38136974, 3.1599207, 8.444615, 1
152346634307919, -0.89894295, 3.336985, 7.9270425, 1
152346644433460, -1.2803127, 3.636633, 7.286886, 1
152346655098752, -1.5527196, 3.7047346, 6.769313, 1
152346664671752, -1.8251266, 3.7455957, 6.7965536, 1
152346674679919, -1.8659877, 3.8545585, 7.137062, 1
152346684868960, -1.6480621, 3.636633, 7.668256, 1
152346695066169, -1.5118586, 3.6502533, 7.995144, 1
152346705136502, -1.5118586, 3.7319753, 8.117727, 1
152346715230085, -1.4709976, 3.7728362, 8.158588, 1
152346725338627, -1.4573772, 3.8681788, 8.144968, 1
152346735450002, -1.607201, 3.9090397, 8.104107, 1
152346745596502, -1.9477097, 3.718355, 8.022385, 1
152346755719710, -1.9885708, 3.5957718, 7.954283, 1
152346765838210, -2.002191, 3.5549107, 7.995144, 1
152346775962085, -1.7570249, 3.4731886, 8.117727, 1
152346786948627, -1.5527196, 3.3097446, 8.117727, 1
152346797697335, -1.3892754, 3.2007818, 8.390134, 1
152346807854794, -1.1577295, 3.1599207, 8.744264, 1
152346820236669, -1.2122109, 3.0645783, 8.771504, 1
152346828292752, -1.1713499, 3.0237172, 8.3765135, 1
152346838557085, -1.2666923, 3.0373375, 7.709117, 1
152346848733877, -1.253072, 3.091819, 7.137062, 1
152346858874169, -1.2666923, 3.1871614, 6.8374147, 1
152346869082127, -1.1304889, 3.2688835, 6.8374147, 1
152346879325669, -1.1577295, 3.336985, 6.932757, 1
152346889500835, -1.2258313, 3.3778462, 7.0280995, 1
152346899478085, -1.2394516, 3.3233647, 7.1506824, 1
152346909919002, -1.2803127, 3.3506055, 7.246025, 1
152346920208835, -1.4573772, 3.3506055, 7.6137743, 1
152346930437127, -1.3756552, 3.3778462, 7.681876, 1
152346940638794, -1.2394516, 3.6230125, 8.090487, 1
152346950760752, -0.9942854, 3.568531, 8.444615, 1
152346974096669, -0.7218784, 3.6638734, 8.866846, 1
152346975458752, -0.53119355, 3.8273177, 9.357179, 1
152346983915335, -0.50395286, 3.9362805, 9.670447, 1
152346993616294, -0.50395286, 4.031623, 9.929234, 1
152347004070627, -0.55843425, 4.031623, 10.079058, 1
152347014187169, -0.6537767, 4.0452433, 10.365085, 1
152347025485710, -0.626536, 3.8954194, 10.58301, 1
152347035688502, -0.44947147, 3.7047346, 10.746454, 1
152347045508794, -0.27240697, 3.5140498, 10.800936, 1
152347055689002, -0.013620348, 3.3778462, 10.732834, 1
152347065847919, 0.19068487, 3.255263, 10.800936, 1
152347076024377, 0.38136974, 3.255263, 10.773695, 1
152347086221627, 0.61291564, 3.336985, 10.58301, 1
152347096443127, 0.8580819, 3.1599207, 10.405946, 1
152347106650710, 0.9670447, 2.901134, 10.392325, 1
152347117802419, 1.0623871, 2.6151068, 10.487668, 1
152347127072210, 1.1577295, 2.3699405, 10.869038, 1
152347137288502, 1.0896279, 2.0430522, 11.318509, 1
152347147433294, 1.0896279, 1.607201, 11.876944, 1
152347157669377, 1.0215261, 1.2258313, 12.462618, 1
152347180278960, 1.0623871, 0.8580819, 12.843987, 1
152347181049335, 1.0215261, 0.6401563, 12.9529505, 1
152347190457585, 1.0215261, 0.47671217, 12.721405, 1
152347198969585, 1.1168685, 0.43585113, 12.162971, 1
152347208773710, 1.0623871, 0.58567494, 10.841797, 1
152347218965252, 1.1849703, 0.81722087, 9.861132, 1
152347229174544, 1.0896279, 0.9942854, 9.125633, 1
152347242673585, 1.1577295, 1.0896279, 8.635301, 1
152347252683919, 1.1849703, 1.2122109, 8.3765135, 1
152347262863002, 1.1032481, 1.2666923, 8.349273, 1
152347273065710, 1.0896279, 1.253072, 8.430995, 1
152347283260460, 1.1168685, 1.1849703, 8.526338, 1
152347293723752, 1.1304889, 1.1032481, 8.62168, 1
152347303647460, 1.1577295, 1.0896279, 8.580819, 1
152347313864336, 1.2394516, 1.1577295, 8.430995, 1
152347324085879, 1.2803127, 1.2258313, 8.22669, 1
152347334315878, 1.1577295, 1.3484144, 7.9679036, 1
152347344528837, 1.0623871, 1.3620348, 7.668256, 1
152347354751378, 0.87170225, 1.2258313, 7.518432, 1
152347364924962, 0.7082581, 1.1577295, 7.3141265, 1
152347375671296, 0.3677494, 1.1577295, 7.1098213, 1
152347385822671, 0.21792556, 1.1304889, 6.9191365, 1
152347395674086, 0.19068487, 1.1985906, 6.810174, 1
152347405865752, 0.14982383, 1.2803127, 6.5513873, 1
152347416089711, 0.040861044, 1.3620348, 6.2789803, 1
152347426267253, 0.040861044, 1.5118586, 5.87037, 1
152347436347128, 0.08172209, 1.6480621, 5.529861, 1
152347446674878, 0.10896278, 1.8387469, 5.271075, 1
152347456655336, 0.19068487, 2.0294318, 5.271075, 1
152347467305670, 0.17706452, 2.2064962, 5.47538, 1
152347477309753, 0.27240697, 2.315459, 5.638824, 1
152347487535378, 0.21792556, 2.3426998, 5.761407, 1
152347497813920, 0.19068487, 2.383561, 5.911231, 1
152347507974295, 0.095342435, 2.3971813, 6.101916, 1
152347518188295, 0.08172209, 2.3699405, 6.2244987, 1
152347528397170, 0.027240695, 2.3699405, 6.4560447, 1
152347538579170, -0.013620348, 2.4516625, 6.9191365, 1
152347549018795, -0.10896278, 2.465283, 7.4503303, 1
152347559004086, -0.16344418, 2.3971813, 7.84532, 1
152347569236003, -0.29964766, 2.3699405, 8.131348, 1
152347579398211, -0.47671217, 2.3426998, 8.444615, 1
152347589615961, -0.47671217, 2.383561, 8.825985, 1
152347599817044, -0.6537767, 2.4244218, 9.180115, 1
152347610087836, -0.6946377, 2.5742457, 9.507003, 1
152347620268670, -0.9942854, 2.6559677, 9.888372, 1
152347630502670, -1.0896279, 2.7513103, 10.3242235, 1
152347640679003, -1.2258313, 2.7513103, 10.7192135, 1
152347650884711, -1.2803127, 2.8738933, 11.059722, 1
152347662570920, -1.1849703, 2.9283748, 11.34575, 1
152347685613503, -1.1168685, 3.0237172, 11.645397, 1
152347688963003, -1.0079057, 3.214402, 11.795221, 1
152347692021628, -0.8308412, 3.445948, 11.672638, 1
152347702172878, -0.7354988, 3.3642259, 11.413852, 1
152347712045670, -0.5720546, 3.0237172, 11.509193, 1
152347722777878, -0.4903325, 2.7513103, 11.999526, 1
152347732804628, -0.35412905, 2.5197644, 12.762266, 1
152347742975378, -0.38136974, 2.1792557, 13.293459, 1
152347753218961, -0.43585113, 1.7025435, 13.416042, 1
152347763408670, -0.51757324, 1.1849703, 13.184497, 1
152347773551003, -0.8580819, 0.9942854, 12.353656, 1
152347783824836, -1.1985906, 0.9670447, 10.855417, 1
152347793994628, -1.5527196, 1.1441092, 9.316318, 1
152347804374795, -1.7842655, 1.5799603, 8.049625, 1
152347814376878, -2.0566726, 1.96133, 7.273266, 1
152347824634961, -2.1656353, 2.2201166, 6.9599977, 1
152347834868336, -2.152015, 2.3971813, 7.1915436, 1
152347845120461, -1.8523673, 2.547005, 7.8180795, 1
152347855314378, -1.3211738, 2.547005, 8.689782, 1
152347865581253, -0.8580819, 2.4108016, 9.41166, 1
152347876140086, -0.55843425, 2.2882185, 9.915613, 1
152347886064170, -0.2860273, 2.2473574, 10.228881, 1
152347896088378, -0.16344418, 2.2473574, 10.2152605, 1
152347906319211, -0.21792556, 2.0566726, 10.20164, 1
152347916577503, -0.027240695, 1.9477097, 10.18802, 1
152347926781003, -0.027240695, 1.7434045, 9.888372, 1
152347936962170, -0.13620348, 1.6344417, 9.220976, 1
152347947159420, -0.10896278, 1.6480621, 8.322033, 1
152347957339003, -0.24516626, 1.6208214, 7.6273947, 1
152347967315461, -0.29964766, 1.5799603, 7.0280995, 1
152347994087295, -0.38136974, 1.3892754, 6.3334618, 1
152347995423253, -0.54481393, 1.2803127, 5.761407, 1
152348001397378, -0.55843425, 1.3075534, 5.5434813, 1
152348011839878, -0.626536, 1.3211738, 5.1893525, 1
152348022021920, -0.5992953, 1.3484144, 4.930566, 1
152348032228961, -0.6537767, 1.3756552, 4.658159, 1
152348042860253, -0.6537767, 1.4301366, 4.4538536, 1
152348054143295, -0.6401563, 1.5118586, 4.276789, 1
152348063797795, -0.7491191, 1.7025435, 4.2223077, 1
152348073955461, -0.8308412, 1.9340894, 4.385752, 1
152348084411628, -0.7218784, 2.0294318, 4.9850473, 1
152348095502378, -0.5992953, 2.1656353, 5.5434813, 1
152348104746336, -0.58567494, 2.2882185, 6.074675, 1
152348114942628, -0.50395286, 2.3018389, 6.578628, 1
152348125197378, -0.43585113, 2.2882185, 7.1915436, 1
152348135464336, -0.29964766, 2.315459, 7.872561, 1
152348145584878, -0.17706452, 2.4108016, 8.662541, 1
152348155654003, -0.095342435, 2.506144, 9.343558, 1
152348165925586, -0.095342435, 2.5742457, 9.80665, 1
152348177831211, 0.24516626, 2.669588, 10.106298, 1
152348203042420, 0.35412905, 2.6559677, 10.405946, 1
152348203963545, 0.7627395, 2.5742457, 10.773695, 1
152348212272628, 1.0623871, 2.465283, 11.155065, 1
152348219834586, 1.4028958, 2.3699405, 11.427472, 1
152348230111003, 1.4982382, 2.2473574, 11.645397, 1
152348240307503, 1.4709976, 2.315459, 11.672638, 1
152348250540836, 1.2803127, 2.4108016, 11.386611, 1
152348260844586, 1.253072, 2.506144, 11.127824, 1
152348271377961, 1.3211738, 2.4516625, 11.386611, 1
152348281653045, 1.5390993, 2.4380422, 12.162971, 1
152348293834628, 1.7842655, 2.2745981, 12.9529505, 1
152348302094920, 2.0975335, 1.8932283, 13.70207, 1
152348312245211, 2.1656353, 1.484618, 14.546532, 1
152348322473503, 1.7978859, 0.9942854, 14.750836, 1
152348332715295, 1.4709976, 0.3949901, 14.151542, 1
152348342902545, 1.1713499, 0.05448139, 12.503479, 1
152348353128961, 0.6810174, 0.16344418, 10.623871, 1
152348363305503, 0.2860273, 0.55843425, 9.057531, 1
152348373294045, 0.12258313, 0.8580819, 7.9270425, 1
152348383789336, -0.013620348, 1.1168685, 7.273266, 1
152348393986670, -0.17706452, 1.4437568, 7.096201, 1
152348404186878, -0.21792556, 1.7570249, 7.096201, 1
152348414380753, -0.08172209, 1.9885708, 7.43671, 1
152348424603045, 0.08172209, 2.1383946, 7.872561, 1
152348435600003, 0.32688835, 1.879608, 8.322033, 1
152348445654378, 0.7354988, 1.6889231, 8.989429, 1
152348455802128, 1.1577295, 1.6344417, 9.656827, 1
152348466174295, 1.3756552, 1.484618, 10.2152605, 1
152348476226295, 1.525479, 1.3211738, 10.528529, 1
152348485963336, 1.5390993, 1.1168685, 10.256122, 1
152348496677503, 1.4165162, 0.9942854, 9.697687, 1
152348506889628, 1.1849703, 0.84446156, 8.798744, 1
152348517103586, 0.8580819, 0.95342433, 7.913422, 1
152348527288211, 0.32688835, 1.1441092, 7.1506824, 1
152348537515128, -0.040861044, 1.1304889, 6.4151835, 1
152348547714128, -0.2860273, 1.1032481, 5.706926, 1
152348557952545, -0.51757324, 1.2666923, 5.012288, 1
152348568114878, -0.8308412, 1.3620348, 4.671779, 1
152348578344795, -0.84446156, 1.3892754, 4.5628166, 1
152348588568670, -1.3620348, 1.7706453, 4.426613, 1
152348598794086, -1.293933, 1.9340894, 4.671779, 1
152348609015378, -1.1849703, 2.0294318, 4.8352237, 1
152348619201045, -1.1577295, 2.2473574, 5.039529, 1
152348639262045, -1.0623871, 2.4516625, 5.1893525, 1
152348640932128, -0.8580819, 2.5606253, 5.2302136, 1
152348649542545, -0.6401563, 2.7513103, 5.202973, 1
152348659714170, -0.35412905, 2.8057916, 5.1484914, 1
152348669930461, -0.2860273, 2.969236, 5.3527966, 1
152348702301295, -0.313268, 2.9964764, 5.8976107, 1
152348703133836, -0.24516626, 2.8602731, 6.66035, 1
152348704099295, -0.2860273, 2.73769, 7.7363577, 1
152348721156878, -0.42223078, 2.6423476, 9.2073555, 1
152348721970420, -0.667397, 2.6014864, 10.61025, 1
152348731411920, -0.6946377, 2.6151068, 11.781601, 1
152348742133045, -0.7218784, 2.6968288, 12.54434, 1
152348752323295, -0.92618364, 2.6559677, 12.735025, 1
152348762507545, -1.1441092, 2.6151068, 12.5579605, 1
152348772712128, -1.3211738, 2.547005, 12.421757, 1
152348782931586, -1.2666923, 2.4789033, 12.612442, 1
152348793289420, -1.2394516, 2.4516625, 13.007432, 1
152348803105628, -1.4028958, 2.4380422, 13.1708765, 1
152348813789170, -1.6753027, 2.3018389, 12.789507, 1
152348823823336, -1.7025435, 1.9885708, 12.13573, 1
152348834023836, -1.3892754, 1.920469, 12.190211, 1
152348844225128, -0.9942854, 2.0566726, 12.639683, 1
152348854439128, -0.8036005, 1.96133, 12.966571, 1
152348864619670, -0.7627395, 1.6753027, 12.898469, 1
152348874809170, -0.8036005, 1.3756552, 12.380896, 1
152348885301670, -0.980665, 1.1577295, 11.4410925, 1
152348895583711, -1.1713499, 1.1441092, 10.2152605, 1
152348905463086, -1.3756552, 1.2803127, 9.030291, 1
152348915619378, -1.6208214, 1.525479, 7.8998017, 1
152348925847378, -1.9749504, 1.7706453, 7.082581, 1
152348935873336, -2.2064962, 1.920469, 6.578628, 1
152348947609211, -2.2201166, 2.0294318, 6.496906, 1
152348956231420, -2.3699405, 2.233737, 6.67397, 1
152348966885878, -1.8932283, 2.2882185, 7.3141265, 1
152348976884378, -1.3075534, 2.0975335, 7.8589406, 1
152349011675503, -0.8036005, 1.96133, 8.349273, 1
152349012410503, -0.58567494, 1.7025435, 8.812365, 1
152349013477253, -0.44947147, 1.4709976, 9.343558, 1
152349018390003, -0.3405087, 1.2122109, 9.643207, 1
152349028609545, -0.40861043, 0.9125633, 9.724928, 1
152349039308170, -0.5992953, 0.6537767, 9.493382, 1
152349048922836, -0.7354988, 0.47671217, 8.975809, 1
152349060747586, -0.8036005, 0.47671217, 8.22669, 1
152349072152753, -0.7763598, 0.50395286, 7.409469, 1
152349080275003, -0.7627395, 0.61291564, 6.782933, 1
152349090485711, -0.667397, 0.626536, 6.142777, 1
152349100607545, -0.6401563, 0.8580819, 5.6660647, 1
152349110810878, -0.4903325, 0.9125633, 5.284695, 1
152349122406586, -0.35412905, 1.0215261, 5.09401, 1
152349130961295, -0.29964766, 1.1849703, 5.039529, 1
152349141383253, -0.20430522, 1.3211738, 5.134871, 1
152349151268628, -0.095342435, 1.4573772, 5.3527966, 1
152349161988295, 0.095342435, 1.5799603, 5.761407, 1
152349190219003, 0.40861043, 1.7025435, 6.4151835, 1
152349191187045, 0.6537767, 1.7842655, 6.864655, 1
152349192732253, 0.92618364, 1.9340894, 7.3005066, 1
152349206350253, 0.92618364, 2.1792557, 7.559293, 1
152349212995753, 0.980665, 2.383561, 7.559293, 1
152349223149836, 0.8580819, 2.4925237, 7.5865335, 1
152349233335961, 0.7627395, 2.506144, 7.8861814, 1
152349243736295, 0.7218784, 2.547005, 8.240311, 1
152349253722878, 0.47671217, 2.547005, 8.676162, 1
152349263941753, 0.40861043, 2.5606253, 8.975809, 1
152349274137836, 0.35412905, 2.6423476, 9.261836, 1
152349284400378, 0.25878662, 2.7104492, 9.602345, 1
152349294601086, 0.24516626, 2.7649305, 9.765789, 1
152349304815128, 0.50395286, 2.6423476, 9.861132, 1
152349319243711, 0.87170225, 2.547005, 10.228881, 1
152349329287461, 0.9942854, 2.669588, 10.61025, 1
152349339441128, 1.2258313, 2.5742457, 10.95076, 1
152349349612003, 1.4301366, 2.6014864, 11.304889, 1
152349360106753, 1.5118586, 2.6968288, 11.495573, 1
152349370002670, 1.484618, 2.5742457, 11.550055, 1
152349380327545, 1.607201, 2.4516625, 11.699879, 1
152349390507586, 1.8387469, 2.3971813, 12.13573, 1
152349400680920, 2.192876, 2.3563201, 13.0619135, 1
152349410877503, 2.669588, 2.2473574, 13.770171, 1
152349421037670, 2.982856, 2.083913, 14.546532, 1
152349431224211, 3.13268, 1.7978859, 15.064105, 1
152349441141961, 2.969236, 1.5799603, 14.669114, 1
152349451666837, 2.5742457, 1.253072, 13.293459, 1
152349461880462, 2.2201166, 1.0896279, 11.168685, 1
152349472105130, 1.8659877, 1.2666923, 9.343558, 1
152349482346380, 1.4437568, 1.607201, 8.063246, 1
152349492544588, 1.1713499, 1.920469, 7.3822284, 1
152349502757796, 1.1032481, 2.0975335, 7.3141265, 1
152349512983837, 0.980665, 2.1247742, 7.504812, 1
152349522689837, 0.7899802, 2.2201166, 7.8998017, 1
152349533607421, 0.92618364, 2.0975335, 8.21307, 1
152349543597962, 1.1168685, 1.8387469, 8.60806, 1
152349553803879, 1.5527196, 1.7161638, 8.894087, 1
152349564043796, 1.8387469, 1.8387469, 9.043911, 1
152349574245670, 1.9749504, 1.7025435, 9.220976, 1
152349584486712, 2.002191, 1.7706453, 9.289077, 1
152349594659045, 2.0294318, 1.7161638, 9.125633, 1
152349604854462, 1.8387469, 1.7161638, 8.539958, 1
152349615367046, 1.5799603, 1.6889231, 7.8998017, 1
152349625362254, 1.3484144, 1.6753027, 7.327747, 1
152349635670796, 0.939804, 1.5935807, 6.932757, 1
152349645739546, 0.626536, 1.5390993, 6.605869, 1
152349655924129, 0.38136974, 1.4709976, 6.2789803, 1
152349666157837, 0.13620348, 1.5118586, 6.1563973, 1
152349676434712, -0.027240695, 1.5935807, 5.829509, 1
152349704755212, -0.095342435, 1.7161638, 5.4890003, 1
152349711772296, -0.095342435, 1.9068487, 4.8760843, 1
152349713066837, -0.08172209, 2.0430522, 4.4538536, 1
152349716933587, -0.05448139, 2.2201166, 4.031623, 1
152349727409004, -0.23154591, 2.3426998, 3.7455957, 1
152349738379421, -0.16344418, 2.587866, 3.800077, 1
152349748518254, -0.08172209, 2.7921712, 4.372132, 1
152349759014087, -0.08172209, 2.982856, 5.039529, 1
152349769203504, 0.24516626, 3.0645783, 5.638824, 1
152349779441254, 0.54481393, 3.1190596, 6.1291566, 1
152349789625754, 1.0487667, 3.1190596, 6.605869, 1
152349799779045, 1.1985906, 3.3506055, 7.43671, 1
152349810108254, 1.334794, 3.336985, 8.090487, 1
152349820325171, 1.3075534, 3.3642259, 8.539958, 1
152349830599879, 0.95342433, 3.336985, 8.825985, 1
152349840710921, 0.44947147, 3.255263, 9.057531, 1
152349850922587, 0.095342435, 3.2825038, 9.193735, 1
152349882057046, -0.05448139, 3.3506055, 9.343558, 1
152349883264837, 0.24516626, 3.3778462, 9.765789, 1
152349891389671, 0.61291564, 3.5276701, 10.446807, 1
152349897002546, 0.9942854, 3.5004294, 11.413852, 1
152349907300462, 1.3484144, 3.636633, 12.680544, 1
152349917505254, 1.5118586, 3.6230125, 13.116395, 1
152349927945087, 1.4437568, 3.214402, 13.184497, 1
152349937903337, 1.2258313, 2.819412, 12.762266, 1
152349948422504, 1.0215261, 2.6559677, 12.108489, 1
152349959015837, 0.8580819, 2.5742457, 11.672638, 1
152349969685962, 0.89894295, 2.4925237, 11.659018, 1
152349983571712, 1.0760075, 2.3290794, 12.026767, 1
152349991345462, 0.9942854, 2.083913, 12.203832, 1
152350000994629, 0.61291564, 1.9340894, 11.9450445, 1
152350011835962, 0.313268, 1.8251266, 11.018862, 1
152350021233046, 0.313268, 1.9340894, 9.833891, 1
152350031277046, -0.35412905, 2.0566726, 8.676162, 1
152350041364879, -0.61291564, 2.2201166, 7.709117, 1
152350051465462, -0.6946377, 2.4108016, 6.891896, 1
152350061577712, -0.47671217, 2.6014864, 6.5241466, 1
152350071676504, -0.14982383, 2.9283748, 6.742072, 1
152350081768754, 0.21792556, 3.13268, 7.3413672, 1
152350091831921, 0.5720546, 3.091819, 8.240311, 1
152350101945421, 1.0215261, 2.8466527, 9.030291, 1
152350112022796, 1.2394516, 2.547005, 9.588725, 1
152350122110504, 1.4028958, 2.2882185, 9.997335, 1
152350132285379, 1.4165162, 2.0566726, 10.051817, 1
152350142281921, 1.253072, 1.879608, 9.997335, 1
152350152377379, 1.0215261, 1.7434045, 9.656827, 1
152350162536671, 0.7218784, 1.6753027, 9.00305, 1
152350172610462, 0.55843425, 1.5935807, 8.403754, 1
152350183176962, 0.44947147, 1.6480621, 7.709117, 1
152350192841546, 0.42223078, 1.6753027, 7.096201, 1
152350202991254, 0.55843425, 1.7025435, 6.5650077, 1
152350213065046, 0.7218784, 1.7706453, 6.197258, 1
152350223152796, 0.8036005, 1.8387469, 5.8158884, 1
152350233221796, 0.7763598, 1.96133, 5.47538, 1
152350243331129, 0.667397, 1.9340894, 5.3119354, 1
152350253431337, 0.44947147, 1.9340894, 5.284695, 1
152350263525837, 0.47671217, 2.0158114, 5.434519, 1
152350273626921, 0.50395286, 2.1383946, 5.6660647, 1
152350283692421, 0.626536, 2.2882185, 5.965712, 1
152350294999962, 0.7899802, 2.4789033, 6.2517395, 1
152350305304087, 0.7354988, 2.506144, 6.578628, 1
152350315510754, 0.6401563, 2.5333846, 6.891896, 1
152350325681962, 0.43585113, 2.506144, 7.1506824, 1
152350335818004, 0.313268, 2.4789033, 7.3413672, 1
152350346121421, 0.19068487, 2.4925237, 7.763598, 1
152350356346046, 0.14982383, 2.6014864, 8.22669, 1
152350366601712, 0.14982383, 2.6151068, 8.825985, 1
152350377144212, 0.29964766, 2.7240696, 9.275456, 1
152350387293129, 0.7218784, 2.73769, 9.629586, 1
152350397523754, 0.89894295, 2.7785509, 10.065437, 1
152350407739921, 1.1168685, 2.7104492, 10.378705, 1
152350417947421, 1.3484144, 2.6423476, 10.746454, 1
152350428170087, 1.6344417, 2.506144, 10.9371395, 1
152350438413671, 1.7842655, 2.5742457, 10.909899, 1
152350448600462, 1.920469, 2.6423476, 10.61025, 1
152350458830962, 1.9885708, 2.819412, 9.997335, 1
152350469042962, 2.0294318, 2.969236, 9.629586, 1
152350479282796, 2.152015, 2.9556155, 9.765789, 1
152350489490379, 2.383561, 2.73769, 10.310603, 1
152350499685837, 2.4516625, 2.4516625, 11.236787, 1
152350509919712, 2.6559677, 2.1247742, 12.408136, 1
152350520233796, 2.7649305, 1.6753027, 13.565866, 1
152350530452087, 2.7649305, 1.1713499, 14.274124, 1
152350540647004, 2.669588, 0.7899802, 14.1787815, 1
152350550809879, 2.2064962, 0.54481393, 12.871228, 1
152350561039421, 1.8523673, 0.42223078, 11.073342, 1
152350571286962, 1.5118586, 0.7082581, 9.466142, 1
152350581600421, 1.1577295, 1.2394516, 8.430995, 1
152350591710379, 0.8308412, 1.4709976, 8.036005, 1
152350601932671, 0.5720546, 1.5390993, 8.063246, 1
152350612149087, 0.53119355, 1.6480621, 8.362893, 1
152350622356921, 0.6401563, 1.5390993, 8.444615, 1
152350632650671, 0.939804, 1.607201, 8.7034025, 1
152350642838296, 1.0760075, 1.607201, 9.084772, 1
152350653068754, 1.4301366, 1.6208214, 9.670447, 1
152350663288171, 1.7434045, 1.6889231, 9.79303, 1
152350673091004, 1.9885708, 1.7978859, 9.547864, 1
152350691361879, 2.152015, 1.879608, 9.084772, 1
152350698399004, 2.192876, 1.9340894, 8.730643, 1
152350704294629, 2.152015, 1.9340894, 8.444615, 1
152350714410212, 2.1383946, 1.8523673, 8.063246, 1
152350724577337, 2.070293, 1.7025435, 7.477571, 1
152350734870671, 1.7161638, 1.607201, 7.0689607, 1
152350745102212, 1.5390993, 1.5527196, 6.4424243, 1
152350755314837, 1.0760075, 1.525479, 6.101916, 1
152350765517671, 0.8580819, 1.5799603, 5.829509, 1
152350775670337, 0.6401563, 1.5118586, 5.597963, 1
152350786022337, 0.21792556, 1.4982382, 5.2165933, 1
152350796107421, 0.06810174, 1.6480621, 4.8488436, 1
152350806341837, 0.095342435, 1.8659877, 4.2904096, 1
152350816572129, 0.19068487, 2.1247742, 3.800077, 1
152350826782921, 0.17706452, 2.506144, 3.5412905, 1
152350836989087, 0.25878662, 2.8875136, 3.6093922, 1
152350847243337, 0.3405087, 3.173541, 4.195067, 1
152350857444962, 0.5992953, 3.255263, 4.862464, 1
152350867665962, 0.7627395, 3.0781987, 5.284695, 1
152350877925212, 0.939804, 2.8738933, 5.938472, 1
152350888112087, 0.81722087, 2.7649305, 6.864655, 1
152350898346754, 0.5992953, 2.8057916, 7.8589406, 1
152350908566129, 0.51757324, 2.8602731, 8.730643, 1
152350918786087, 0.3677494, 2.819412, 9.275456, 1
152350929008462, 0.2860273, 2.7921712, 9.41166, 1
152350939212337, 0.13620348, 3.050958, 9.493382, 1
152350949434212, 0.10896278, 3.2280223, 9.629586, 1
152350959651337, 0.13620348, 3.5549107, 9.80665, 1
152350969870629, 0.2860273, 3.7455957, 10.065437, 1
152350980183129, 0.626536, 3.840938, 10.514909, 1
152350990379712, 0.84446156, 3.881799, 11.100583, 1
152351000601004, 0.7627395, 3.881799, 11.686258, 1
152351035548421, 0.667397, 3.8681788, 11.9450445, 1
152351036315337, 0.40861043, 3.6093922, 11.836082, 1
152351037062212, 0.3677494, 3.091819, 11.904184, 1
152351041526087, 0.24516626, 2.73769, 12.421757, 1
152351051388629, 0.14982383, 2.5197644, 12.735025, 1
152351061512296, 0.013620348, 2.2473574, 12.898469, 1
152351072267504, -0.10896278, 2.0430522, 12.871228, 1
152351084136004, 0.040861044, 1.8932283, 12.966571, 1
152351093062754, 0.17706452, 1.7978859, 13.021052, 1
152351102749837, 0.040861044, 1.5799603, 12.735025, 1
152351113014337, -0.13620348, 1.4301366, 11.836082, 1
152351123167421, -0.44947147, 1.4301366, 10.501288, 1
152351133438296, -0.7082581, 1.7025435, 9.220976, 1
152351143601837, -0.980665, 2.0566726, 8.104107, 1
152351153816587, -1.1168685, 2.2745981, 7.409469, 1
152351164042879, -1.0896279, 2.4380422, 7.177923, 1
152351176267379, -1.0623871, 2.6014864, 7.2324047, 1
152351184480712, -0.92618364, 2.7649305, 7.572913, 1
152351217379629, -0.81722087, 2.7240696, 7.995144, 1
152351218440004, -0.7218784, 2.465283, 8.580819, 1
152351219113546, -0.55843425, 2.152015, 9.057531, 1
152351225966421, -0.51757324, 1.9885708, 9.329938, 1
152351236079587, -0.29964766, 1.8659877, 9.39804, 1
152351246668337, -0.24516626, 1.7706453, 9.384419, 1
152351258222796, -0.19068487, 1.7706453, 9.193735, 1
152351267034671, -0.13620348, 1.7297841, 8.894087, 1
152351277256587, 0.027240695, 1.7434045, 8.499097, 1
152351287440587, 0.12258313, 1.8115063, 8.036005, 1
152351297703296, 0.24516626, 1.8659877, 7.6273947, 1
152351308001087, 0.19068487, 1.8659877, 7.3141265, 1
152351318679462, 0.21792556, 1.7978859, 7.1234417, 1
152351328876754, 0.12258313, 1.7978859, 6.864655, 1
152351340568004, 0.095342435, 1.7978859, 6.5241466, 1
152351349317337, 0.095342435, 1.8932283, 6.0610547, 1
152351359560212, -0.040861044, 2.0158114, 5.6660647, 1
152351369769796, -0.14982383, 2.1111538, 5.4617596, 1
152351379980712, -0.21792556, 2.2473574, 5.2574544, 1
152351395401671, -0.12258313, 2.383561, 5.134871, 1
152351400439046, -0.10896278, 2.5333846, 5.2165933, 1
152351410640921, -0.10896278, 2.6287272, 5.3936577, 1
152351420720171, -0.10896278, 2.6014864, 5.87037, 1
152351431024837, 0.06810174, 2.5333846, 6.3334618, 1
152351441233587, 0.06810174, 2.5606253, 6.769313, 1
152351451426296, -0.06810174, 2.6287272, 7.1915436, 1
152351461648921, -0.027240695, 2.7240696, 7.4639506, 1
152351471910962, -0.040861044, 2.8330324, 7.8317, 1
152351482147212, 0.06810174, 2.9556155, 8.21307, 1
152351492352296, 0.24516626, 3.0645783, 8.580819, 1
152351503340004, 0.46309182, 3.050958, 9.152874, 1
152351513402754, 0.47671217, 3.1190596, 9.684067, 1
152351523751379, 0.47671217, 3.1463003, 10.133538, 1
152351533911046, 0.5720546, 3.1599207, 10.55577, 1
152351543966504, 0.92618364, 2.982856, 10.882658, 1
152351554286713, 0.61291564, 3.0237172, 11.250407, 1
152351564500714, 0.667397, 2.819412, 11.495573, 1
152351574747130, 0.7218784, 2.3426998, 11.699879, 1
152351584971714, 0.40861043, 2.083913, 11.836082, 1
152351595239048, 0.21792556, 2.0566726, 11.509193, 1
152351605454339, 0.20430522, 1.9749504, 11.277648, 1
152351615648922, 0.47671217, 2.1247742, 11.454713, 1
152351625848171, 0.88532263, 2.083913, 12.094869, 1
152351635874505, 1.1713499, 2.070293, 12.653303, 1
152351646257672, 1.5527196, 1.7025435, 13.225358, 1
152351656486755, 1.920469, 1.1032481, 13.402422, 1
152351666707422, 1.6480621, 0.9125633, 13.034673, 1
152351676915338, 1.5390993, 0.7218784, 12.122109, 1
152351687767630, 1.2803127, 0.6401563, 10.8281765, 1
152351710188047, 0.7218784, 0.92618364, 9.520623, 1
152351712795588, 0.47671217, 1.1032481, 8.131348, 1
152351720472755, -0.2860273, 1.5527196, 7.5320525, 1
152351730187047, -0.3949901, 1.7161638, 7.477571, 1
152351740328797, -0.23154591, 1.7570249, 7.6546354, 1
152351750566338, 0.08172209, 1.7978859, 7.8317, 1
152351760706338, 0.5720546, 1.8115063, 8.131348, 1
152351770943713, 1.1168685, 2.0294318, 8.7034025, 1
152351781168630, 1.5390993, 1.9885708, 9.0983925, 1
152351791391838, 1.7978859, 1.9885708, 9.547864, 1
152351801716880, 1.96133, 1.9340894, 9.983715, 1
152351811916130, 1.9885708, 1.9340894, 10.133538, 1
152351822143338, 1.920469, 1.8251266, 9.942854, 1
152351832415338, 1.7706453, 1.6889231, 9.452521, 1
152351842589880, 1.607201, 1.6208214, 8.839605, 1
152351852789922, 1.253072, 1.4437568, 8.294792, 1
152351863052338, 1.0215261, 1.5799603, 7.572913, 1
152351873309588, 0.8580819, 1.5799603, 6.932757, 1
152351883562380, 0.95342433, 1.525479, 6.4424243, 1
152351893735755, 0.55843425, 1.8115063, 5.7750273, 1
152351903944213, 0.20430522, 2.070293, 5.202973, 1
152351914162380, 0.095342435, 2.083913, 4.7126403, 1
152351924371588, -0.05448139, 2.152015, 4.576437, 1
152351934613005, -0.10896278, 2.2882185, 4.6172976, 1
152351944828713, -0.10896278, 2.383561, 4.8352237, 1
152351955137172, -0.095342435, 2.506144, 4.9986677, 1
152351965345338, -0.027240695, 2.6968288, 5.1621118, 1
152351975590463, 0.095342435, 2.7649305, 5.325556, 1
152351985901088, 0.06810174, 2.9283748, 5.5162406, 1
152351995976047, 0.13620348, 2.9964764, 5.6933055, 1
152352006202047, 0.13620348, 2.9556155, 6.0201936, 1
152352016390130, 0.095342435, 2.8875136, 6.3198414, 1
152352026599755, 0.095342435, 2.73769, 6.8374147, 1
152352037527297, 0.19068487, 2.669588, 7.286886, 1
152352047623422, 0.313268, 2.669588, 7.913422, 1
152352057776547, 0.40861043, 2.669588, 8.553578, 1
152352067958505, 0.54481393, 2.6832085, 9.193735, 1
152352078094005, 0.5992953, 2.8330324, 9.629586, 1
152352088312963, 0.6537767, 2.9964764, 9.765789, 1
152352098530422, 0.6537767, 3.13268, 9.765789, 1
152352108749838, 0.5720546, 3.255263, 9.547864, 1
152352119001963, 0.14982383, 3.6093922, 9.452521, 1
152352129197130, 0.14982383, 3.6911142, 9.656827, 1
152352139386213, 0.06810174, 3.6230125, 10.256122, 1
152352149623255, -0.040861044, 3.6774938, 10.732834, 1
152352159842838, -0.027240695, 3.8273177, 10.61025, 1
152352170123713, 0.19068487, 3.6093922, 10.433187, 1
152352180332588, 0.3949901, 3.445948, 11.032481, 1
152352198735088, 0.54481393, 3.3506055, 11.972285, 1
152352206120130, 0.9670447, 3.1054392, 12.626062, 1
152352211072213, 1.0487667, 3.0781987, 12.9529505, 1
152352221140463, 1.3211738, 2.9556155, 12.735025, 1
152352231319172, 1.4437568, 2.7785509, 12.258313, 1
152352241908380, 1.4165162, 2.8602731, 12.026767, 1
152352251768630, 1.3075534, 2.8330324, 11.699879, 1
152352261948922, 1.1713499, 2.6423476, 11.005241, 1
152352272189505, 0.7627395, 2.4789033, 10.038197, 1
152352282438047, 0.10896278, 2.4108016, 8.825985, 1
152352292677005, -0.61291564, 2.4516625, 7.872561, 1
152352302860630, -1.1032481, 2.5742457, 7.368608, 1
152352313075797, -1.6208214, 2.7240696, 7.0280995, 1
152352345808380, -1.9885708, 3.0237172, 7.273266, 1
152352347035213, -2.083913, 3.2688835, 8.049625, 1
152352352543880, -1.7978859, 2.982856, 8.989429, 1
152352361872422, -1.4301366, 2.506144, 9.711308, 1
152352372076922, -0.939804, 2.1111538, 10.460427, 1
152352382361838, -0.43585113, 1.607201, 10.978001, 1
152352392571338, -0.23154591, 1.3075534, 11.400231, 1
152352404225088, -0.38136974, 1.5390993, 11.236787, 1
152352414528130, -0.2860273, 1.7434045, 10.55577, 1
152352424722838, -0.027240695, 1.8251266, 9.765789, 1
152352435890297, 0.29964766, 2.1247742, 8.894087, 1
152352446450255, 0.55843425, 2.192876, 8.294792, 1
152352456637713, 0.6810174, 2.0158114, 7.804459, 1
152352467329588, 0.61291564, 1.8659877, 7.3822284, 1
152352477119047, 0.58567494, 1.8387469, 6.973618, 1
152352486907047, 0.55843425, 1.9340894, 6.6331096, 1
152352497511755, 0.3405087, 1.9340894, 6.3198414, 1
152352507765588, 0.06810174, 1.7025435, 5.87037, 1
152352518002172, 0.040861044, 1.1849703, 5.2165933, 1
152352534382338, -0.29964766, 1.3756552, 5.1212506, 1
152352547613838, -1.1985906, 2.1656353, 5.3119354, 1
152352552181713, -1.4165162, 2.4244218, 5.5571017, 1
152352588210755, -1.3756552, 2.4516625, 5.6660647, 1
152352588824005, -0.3949901, 2.465283, 5.911231, 1
152352593412505, 0.35412905, 2.6014864, 6.537767, 1
152352594505338, 0.92618364, 2.587866, 6.8374147, 1
152352713809630, 1.2258313, 2.547005, 7.43671, 1
152352714270963, 1.1168685, 2.901134, 7.8861814, 1
152352714748505, 0.88532263, 2.969236, 8.131348, 1
152352714960963, 0.89894295, 2.73769, 8.322033, 1
152352716164713, 0.6401563, 2.5742457, 8.60806, 1
152352716964005, 0.23154591, 2.6423476, 8.648921, 1
152352717182880, 0.23154591, 2.5742457, 8.499097, 1
152352717371713, -0.14982383, 2.7513103, 8.444615, 1
152352717686672, -0.38136974, 2.9556155, 8.4854765, 1
152352717836172, -0.47671217, 3.1190596, 8.3765135, 1
152352717998422, -0.21792556, 3.214402, 8.076866, 1
